11.379651 1.625834 -0.875609 -0.044198 -0.486966 0.022484 -0.071161 0.156614 -0.156974 0.058174 -0.288652 -0.005781 -0.029267
9.980580 1.950360 -0.705753 -0.024539 -0.721777 0.069872 -0.050242 0.166908 -0.069129 0.266262 -0.118762 0.028350 -0.187334
11.933230 1.541544 -0.764138 0.035742 -0.473839 0.096525 0.016289 0.204265 -0.042502 0.147098 -0.222965 0.049277 -0.113888
9.780132 1.639247 -1.246495 0.296760 -0.712814 0.272704 0.050612 0.036968 -0.176739 0.188707 -0.090100 -0.240683 -0.192883
12.055700 1.255093 -0.926918 0.130044 -0.397406 -0.002846 -0.202166 -0.178169 -0.077724 0.264334 0.006241 0.038049 -0.033662
10.762357 1.721796 -0.890661 0.517700 -0.091555 0.069563 -0.161516 -0.007958 -0.163504 0.097600 -0.195043 0.031539 -0.065405
10.414922 1.630292 -0.697786 0.537570 0.002338 0.157471 -0.153282 0.006130 -0.182885 0.114915 -0.256151 0.010537 -0.096998
10.204022 1.549271 -0.728693 0.485805 -0.089369 0.097071 -0.193676 -0.012447 -0.182603 0.049725 -0.182276 0.077205 0.029743
10.943931 1.473520 -0.787911 0.514980 -0.052047 0.055937 -0.268564 -0.094791 -0.196822 0.143069 -0.242188 0.015752 -0.013945
8.446246 1.505013 -0.319724 0.764888 -0.119996 0.053427 -0.040992 0.000790 -0.169751 0.214201 -0.145133 0.054619 -0.074466
9.939645 1.546348 -0.816702 0.321406 -0.294706 0.055656 -0.136220 -0.021104 -0.236284 0.031570 -0.282239 -0.114794 -0.094122
7.388225 3.409014 -0.551876 0.315702 0.001109 0.158175 0.061114 -0.020118 -0.387316 -0.287663 -0.303625 0.144885 -0.008262
8.408797 2.408326 -0.690726 0.434199 -0.049701 0.084189 -0.038302 -0.017999 -0.256250 0.024929 -0.308122 -0.041611 -0.127937
8.891852 1.986956 -0.847673 0.366910 -0.126582 0.100944 -0.163600 -0.116764 -0.368883 -0.086921 -0.253314 0.088645 0.009118
9.538486 2.328912 -0.865535 0.531938 -0.007818 0.142072 -0.128776 -0.063457 -0.213856 0.103214 -0.154951 0.029956 -0.131574
6.693127 1.494702 -0.728667 0.262974 -0.265776 -0.237162 -0.409655 -0.177986 -0.362094 0.126859 -0.150077 -0.000700 -0.161347
4.857736 2.110004 0.002710 0.477133 0.062737 0.045716 -0.145470 0.026582 -0.032815 0.330275 0.053957 0.188679 0.005887
10.149148 2.152819 -0.724724 0.025435 -0.354189 -0.055150 -0.213872 0.050067 -0.208834 0.003304 -0.281705 -0.065676 -0.164342
6.617332 2.239741 -0.552501 0.309402 -0.008055 0.038314 -0.204904 -0.113975 -0.428502 -0.082522 -0.276050 -0.108483 -0.113126
4.990297 1.883152 -0.431977 0.458333 -0.051994 -0.039895 -0.135540 -0.087958 -0.140519 0.221959 -0.015648 0.166909 -0.075340
9.967215 2.401497 -0.826788 0.281365 -0.086283 0.079104 -0.127593 -0.070661 -0.248781 0.117785 -0.168475 0.018515 -0.137511
9.599114 2.244502 -0.791393 0.397618 -0.075551 0.006085 -0.206069 -0.087364 -0.164422 0.153584 -0.183864 0.033023 -0.060215
10.620284 2.282132 -0.752152 0.159113 -0.089399 0.040493 0.024892 0.107724 -0.121464 -0.095889 -0.298478 -0.051363 -0.063917
7.423559 2.134181 -0.248520 0.451150 0.293602 0.106309 0.009966 -0.015961 -0.150924 0.264700 0.089918 0.281035 0.088768
12.258970 2.290540 -0.760649 0.244009 -0.186313 -0.049331 -0.091202 0.068128 -0.142273 0.068742 -0.149887 -0.046401 -0.138542
12.011965 2.425142 -0.777194 0.196026 -0.089891 0.000297 0.003349 0.180849 -0.046759 0.014667 -0.227323 -0.045482 -0.113893
9.100781 2.774977 -0.948585 -0.025299 -0.313705 -0.029032 -0.073049 -0.022493 -0.252741 0.053773 -0.138663 0.037125 -0.115530
8.707181 2.860799 -0.172189 0.307227 -0.092264 0.042940 -0.065429 -0.058828 -0.227499 0.130346 -0.069067 0.174677 -0.075380
11.588360 2.569586 -0.910959 0.157959 -0.226414 0.158351 0.049493 0.060512 -0.259179 -0.001047 -0.193735 0.063105 -0.006200
10.340800 1.639924 -0.942886 0.240461 -0.147795 -0.033171 -0.201445 0.014191 -0.236094 0.076822 -0.205107 -0.026738 -0.079382
9.818029 2.199060 -0.871401 0.593492 0.019526 0.078973 -0.204144 -0.048888 -0.211182 0.227383 0.011869 0.121429 -0.074772
6.933298 2.622167 -0.297853 0.565522 0.070347 0.272506 -0.147933 0.014014 -0.170135 0.148865 -0.055388 0.137991 0.106035
4.051427 2.652113 0.209605 0.546974 0.011083 0.202908 -0.159324 -0.007753 -0.089262 0.179201 -0.003540 0.183621 0.059800
5.503361 2.119585 -0.746095 0.531612 -0.064483 0.114240 -0.144226 -0.054374 -0.071418 0.258335 -0.112576 0.015804 -0.088129
10.143513 1.816190 -0.900472 0.542677 -0.036855 0.154661 -0.066678 0.058374 -0.090521 0.255018 0.039009 0.231203 -0.014406
8.254220 2.796652 -0.777415 0.547651 0.074999 0.308507 -0.133199 -0.038070 -0.050850 0.260136 -0.031678 0.073276 -0.016945
6.582993 1.890902 -0.229714 0.590730 -0.134866 0.396012 0.027177 0.060053 -0.148038 0.108332 -0.089052 0.103789 -0.038786
10.958726 1.801760 -1.298385 0.532362 -0.058589 0.255795 -0.136320 -0.085403 -0.245489 0.199823 -0.048889 0.047207 0.043713
10.671967 2.285028 -1.161669 0.433772 -0.054028 0.272785 -0.056372 0.027274 -0.150673 0.176117 -0.103481 0.009220 -0.122156
6.985538 1.512627 -0.753962 -0.013821 -0.224127 0.102755 0.005447 -0.109641 -0.523227 0.046681 0.074453 -0.135155 -0.096483
8.416346 1.898809 -0.742678 0.391907 -0.083706 0.147769 -0.199450 -0.052162 -0.239048 0.170954 0.043679 0.296069 0.116757
8.570327 2.030291 -1.125689 0.431254 0.000067 0.162333 -0.201784 0.022231 -0.090900 0.282921 -0.054441 0.025522 -0.095269
14.467888 2.896158 -1.169778 -0.223264 -0.217761 -0.077221 -0.076821 -0.101334 -0.253856 -0.111061 -0.069718 -0.030405 -0.029636
11.269223 2.959862 0.642868 -0.171034 0.193247 0.055219 -0.059825 0.011436 0.042188 -0.024647 -0.010134 -0.004032 -0.069973
7.919080 2.682494 -0.539996 0.253249 -0.157319 0.141302 0.123706 -0.066680 -0.023871 0.028024 -0.262952 -0.335659 -0.200815
13.809625 2.684674 -0.484498 0.035227 -0.032854 -0.030740 -0.076524 -0.033008 -0.005144 -0.034012 0.012439 0.060869 -0.035277
15.820153 1.065565 -0.815592 0.010675 -0.210689 0.110334 -0.150392 0.023680 -0.057461 0.003560 -0.079627 -0.058189 0.023064
6.516003 2.519515 -0.620298 0.109655 0.032766 0.033041 -0.025528 0.178222 -0.016340 -0.096918 -0.103200 -0.004516 0.019779
15.206745 1.795389 -0.827493 0.078918 -0.145992 0.041885 0.025636 -0.145004 -0.233510 0.083348 -0.083290 -0.074080 -0.019603
15.313220 0.671353 -0.674973 0.000686 -0.133726 0.063299 -0.003151 -0.002664 -0.101871 -0.067110 -0.109718 -0.071944 -0.007111
4.961366 1.871006 -0.587446 0.684502 0.130412 0.154040 0.019573 -0.081240 0.013345 0.084794 -0.036261 0.055581 -0.115331
11.249918 0.880557 -0.317062 0.191213 0.007105 0.153095 0.087065 0.030317 -0.003000 0.034805 -0.079999 0.026493 0.025843
13.278991 0.238310 -0.539010 -0.042989 -0.239855 -0.021517 -0.019953 0.083108 0.070026 0.001558 -0.098890 0.032963 -0.032217
14.903991 2.085818 -1.235774 0.055352 -0.382824 0.052004 -0.018945 0.055252 -0.184915 -0.012890 -0.160094 -0.068635 -0.046151
15.348154 1.417047 -1.189496 0.193048 0.391037 -0.171906 -0.586234 0.140134 0.099792 -0.367805 -0.519279 -0.100260 -0.034678
4.668976 3.096292 0.040327 0.072776 -0.055692 0.071266 0.226800 0.231855 -0.034783 -0.031990 0.027845 -0.007624 0.011145
16.239151 1.562592 -1.246518 0.233331 0.132006 -0.284165 -0.036741 0.198451 -0.193745 -0.251127 -0.094015 0.057047 -0.108011
8.329790 1.411249 -0.655145 -0.155106 -0.283358 -0.248264 -0.264112 0.244716 0.220666 0.168028 -0.162040 -0.133831 -0.025744
8.958387 2.704990 -0.556353 -0.183220 -0.373660 -0.129548 0.249132 0.078712 -0.170053 -0.078972 -0.001545 -0.048938 -0.084416
13.117261 1.769666 -1.163711 0.311533 -0.158775 0.060422 -0.114794 0.012244 -0.131680 -0.053161 -0.088934 -0.023262 -0.018357
13.412471 1.418657 -0.909429 0.159545 -0.144271 0.064686 -0.124445 -0.026259 -0.085236 0.012530 -0.074087 0.005428 -0.012809
10.822457 2.131589 -0.888466 0.106339 -0.150230 0.062216 -0.007628 -0.017063 -0.059000 0.006670 -0.021987 -0.027358 -0.093074
8.993814 1.856346 -0.570376 0.012628 -0.000851 0.070314 -0.112350 -0.036690 -0.104964 0.050725 0.033705 -0.021910 0.012060
4.597062 2.876813 1.427964 0.233987 0.305321 0.182883 0.063814 0.012985 0.039432 -0.003866 -0.127612 -0.162817 -0.070845
4.424849 2.202275 1.020032 0.162720 0.083521 0.029809 0.031009 -0.008688 -0.078455 -0.155337 -0.134163 -0.116690 -0.073785
5.733673 3.138574 0.995642 -0.007423 0.035324 0.071777 0.028001 -0.021419 0.025720 0.022517 -0.058180 -0.185264 -0.176504
5.539438 3.146070 1.057993 0.166088 0.258054 0.129479 0.062094 -0.062268 -0.078931 -0.075749 -0.194906 -0.270474 -0.180421
5.539316 2.398894 0.882254 0.310722 0.124959 0.098206 -0.012140 -0.082498 -0.059503 -0.091561 -0.119060 -0.145922 -0.082918
12.101689 2.244323 -1.119279 0.061731 -0.351187 -0.053064 0.082479 0.047134 -0.166416 -0.080473 -0.207489 -0.077052 0.043704
10.095816 2.508279 -1.079388 0.114234 -0.361332 -0.091335 0.007338 -0.058549 -0.030290 0.045798 -0.156688 0.000068 0.029972
9.617779 2.137065 -0.853719 0.322965 -0.156694 -0.108100 -0.062807 -0.101752 -0.168456 0.010304 -0.091280 -0.048943 -0.032086
11.126187 2.056270 -0.902780 0.492575 -0.057891 -0.049746 -0.150387 -0.149392 -0.043687 0.113054 -0.049475 -0.075250 -0.052320
8.095740 1.704457 -0.771852 0.485916 0.090460 -0.050085 -0.194486 -0.148492 -0.080058 -0.065983 -0.246262 -0.182582 0.090354
10.106725 2.844029 -0.860254 0.323737 -0.187787 -0.063587 0.014375 -0.095026 -0.229718 -0.110876 -0.188829 -0.212201 -0.131536
9.362249 2.271808 -0.799375 0.537136 -0.047042 -0.047526 -0.103032 -0.112376 -0.037828 0.109119 -0.002830 -0.069838 -0.049583
7.098152 2.360655 -0.900924 0.599721 0.068295 -0.053191 -0.075523 -0.144702 -0.030959 0.067508 -0.180488 -0.137679 -0.105822
11.699280 2.214068 -0.989829 0.386869 -0.101181 0.030053 0.029994 -0.048459 -0.061317 0.037548 -0.097986 -0.150319 -0.126762
3.609247 3.556646 -0.238004 0.593181 -0.013351 0.194506 -0.199496 -0.085258 -0.111062 -0.225628 -0.151361 -0.035967 0.019224
2.216615 3.590744 0.246133 0.734755 -0.013680 0.193299 -0.056626 -0.002619 -0.021977 -0.165469 -0.151191 -0.189100 -0.072884
5.324558 3.854036 -0.487464 0.463157 -0.087220 0.081214 -0.303274 -0.100428 -0.063696 0.012447 0.042489 0.019271 -0.008386
1.430003 1.451213 -0.216914 0.587696 0.135755 0.151361 0.117908 -0.056233 -0.051297 -0.048015 -0.047837 -0.098362 -0.058253
7.511370 2.409897 -0.695820 0.213483 0.183870 -0.023265 -0.060998 -0.035478 -0.025939 0.005739 0.004689 0.033411 0.067202
11.218256 2.538940 -1.065331 0.342642 -0.233870 0.007749 -0.004018 -0.014108 -0.160457 -0.063295 -0.005780 -0.014254 -0.044888
9.035663 3.824728 -0.638980 0.343383 -0.024559 0.133907 -0.044208 0.013343 -0.014767 0.039151 0.005641 -0.082444 -0.095089
7.618363 3.334478 -0.962536 0.352110 -0.008740 0.162526 -0.086030 0.081496 -0.145208 -0.029939 -0.035880 -0.045104 0.009323
11.135068 2.277688 -1.037838 0.202221 -0.331266 -0.008646 -0.088442 0.014929 -0.126270 -0.066458 -0.057829 -0.102180 -0.074676
10.371350 2.203663 -0.857859 0.365101 -0.248182 0.111756 -0.091974 0.004538 -0.222889 -0.123752 -0.039025 -0.037579 -0.050913
6.962075 3.471874 -0.567509 0.348618 0.125868 0.146084 0.000444 0.045520 -0.126443 -0.148413 0.060247 -0.118398 -0.059882
9.792951 2.461197 -1.064678 0.326098 -0.200454 0.124186 0.028483 0.074244 -0.120884 -0.028527 -0.014997 -0.049046 -0.016764
10.926699 -0.688860 -1.880458 -0.313360 -0.698674 -0.703464 -1.012294 -0.462071 -0.268440 0.507295 0.382505 0.451127 -0.069928
10.618056 0.711118 -1.059401 0.240589 -0.359833 -0.098730 -0.246647 -0.089814 -0.478244 -0.065718 -0.375705 -0.011349 -0.170246
11.948653 0.319631 -1.150288 0.126883 -0.322364 -0.213716 -0.332651 0.145577 0.036221 0.232552 -0.097794 0.191510 -0.070397
10.757809 1.052642 -1.377602 0.338396 0.245365 0.739289 0.169021 -0.459934 -0.356539 0.444013 -0.072081 -0.054626 -0.194315
12.779237 1.422263 -1.155229 -0.392747 -0.267276 0.189762 0.063449 0.080422 -0.216288 -0.170941 -0.168903 -0.068801 0.087857
7.582168 1.016217 -0.835484 0.288790 -0.132015 0.055379 -0.258435 -0.038280 -0.270765 0.201269 -0.022278 0.114183 -0.100863
7.545464 0.677566 -1.058288 0.449807 0.027572 -0.022708 -0.384786 -0.185992 -0.471552 -0.036471 -0.188993 0.170057 0.026381
12.870354 0.932682 -1.271197 0.297320 -0.125749 -0.006156 -0.294229 -0.008622 -0.251523 0.096940 -0.108613 0.108550 -0.107715
10.558178 1.522664 -0.501061 0.129957 0.024420 0.141943 -0.081793 0.181872 -0.260132 -0.093999 -0.363992 -0.102386 -0.250723
11.139041 0.639479 -1.046643 0.250843 -0.188074 0.071436 -0.306801 -0.044850 -0.263555 0.052643 0.088436 0.441770 0.011554
8.253915 0.960646 -0.464555 0.194725 -0.375633 0.003985 -0.192250 0.125693 -0.197964 -0.274367 -0.247471 0.176451 -0.136863
17.509637 -0.259641 -0.438839 0.038219 0.126530 -0.082904 0.016649 -0.133687 -0.072973 -0.000914 0.026550 0.133540 -0.026746
17.770453 -0.585508 -0.565323 -0.002080 -0.034923 -0.193894 -0.119934 -0.112091 -0.051217 0.029848 -0.198509 0.011144 0.132387
14.676690 -0.043343 -0.312324 0.224757 0.231333 0.069613 0.153955 0.040942 0.032054 0.120232 0.102093 0.152543 -0.005132
16.401904 0.461054 -0.765057 0.443076 0.329601 -0.191495 0.018645 -0.049664 -0.258874 0.041667 -0.206443 -0.080496 0.107694
17.409774 -0.552815 -0.396106 0.139628 -0.050674 -0.243757 -0.079112 -0.161386 -0.050421 0.019823 -0.081943 0.008956 -0.100612
17.394397 -0.508968 -0.717826 -0.032825 0.104677 -0.178434 -0.222324 -0.116051 -0.133605 0.000830 -0.035514 0.088968 -0.041193
17.373429 -0.255912 -0.436415 -0.153330 0.345129 -0.127283 -0.326424 0.200926 -0.094664 -0.024734 -0.018501 -0.028147 -0.025706
17.488612 -0.575229 -0.254624 -0.051072 0.056326 0.047223 -0.103371 -0.045001 -0.105302 0.037145 -0.152461 -0.111113 0.010885
17.726515 -0.156861 -0.488595 -0.008912 -0.088380 0.120436 -0.090225 -0.108471 -0.043453 0.066582 -0.098640 0.069206 -0.090109
18.341169 -0.658620 -0.469650 0.067398 0.135066 -0.153697 -0.044449 -0.164312 -0.221848 0.047246 0.039848 0.018526 0.026599
12.425799 0.877799 -0.252497 0.642074 0.130101 0.019407 0.019388 0.193127 -0.095318 0.035454 -0.141338 -0.016699 0.077763
12.711581 0.021477 -0.191548 0.157171 0.164996 -0.307273 0.146537 -0.105317 -0.076692 0.164220 -0.196345 0.095313 -0.160576
13.814564 1.155294 -0.170820 0.532832 0.184333 0.232120 -0.134232 0.057510 0.009409 -0.001639 -0.101817 0.023494 -0.072415
14.445015 0.009439 -0.437500 -0.041488 0.011371 -0.199260 0.116917 -0.121941 -0.099543 0.014816 0.127048 0.066619 0.018748
14.350061 -0.041992 0.023891 0.019624 -0.033410 -0.074603 0.147268 -0.139626 0.101482 0.005388 0.026987 0.063429 -0.073564
14.572530 0.527441 -0.227347 0.512047 -0.000569 0.072235 -0.376235 0.014205 -0.074862 0.239778 0.065410 -0.026294 -0.054087
11.660907 1.607403 -0.319673 1.258756 0.174873 0.347407 -0.136358 0.166498 -0.219482 -0.227763 0.059639 -0.196683 0.032197
12.942911 1.321487 -0.067947 0.479059 0.203787 -0.026072 -0.015540 0.001582 -0.007797 -0.016222 -0.036874 0.065769 0.084643
14.470965 0.698027 -0.802233 -0.219952 0.188644 -0.057010 0.106993 -0.013899 0.056837 0.047094 -0.027877 0.213895 -0.034402
10.419328 2.400202 -0.765544 0.242128 0.348394 -0.154832 0.166100 0.099435 -0.048298 0.063405 -0.101094 0.075258 0.086472
13.923309 -0.255751 0.267288 0.371815 -0.056309 0.205887 0.033778 0.237211 -0.092872 0.001501 -0.063820 0.077071 0.007189
11.736986 2.341907 -0.713951 0.524511 0.310179 0.236728 0.085265 0.030480 0.040546 0.000024 -0.049116 0.002007 -0.074015
12.537923 0.866991 -0.488795 0.704510 0.399673 -0.265213 0.073011 0.192153 -0.110062 0.097540 -0.059871 -0.112655 -0.213731
8.305576 0.893840 0.534655 0.180107 0.474988 0.087631 -0.027008 0.092368 0.082014 0.005048 -0.016994 0.107734 0.045776
12.817390 1.138306 -0.503552 0.691584 0.280349 0.164964 -0.043672 0.008073 0.080648 0.088469 -0.320968 0.090130 -0.131214
12.528674 0.983492 -0.301059 0.313837 0.005847 0.226849 0.066503 0.079931 0.010857 0.012082 0.053948 0.108450 -0.128306
12.225241 2.055489 -0.405703 0.194701 0.121716 -0.131398 0.037852 0.133028 0.010564 0.098122 -0.114856 0.045067 0.078973
15.003495 0.767859 -1.004079 0.383889 -0.008473 -0.149464 0.108718 -0.092669 -0.030368 -0.080220 -0.050907 0.035880 0.029310
13.372069 1.476364 -0.621150 0.467547 0.227105 -0.010737 0.055026 -0.073449 -0.204604 0.138121 -0.065922 -0.073310 0.134651
13.094989 2.220329 -0.587324 0.537861 0.349541 -0.100795 -0.063215 0.092154 -0.129187 -0.234110 0.116637 -0.048464 -0.057808
10.266302 1.380641 0.804319 0.577971 0.357231 0.380553 0.216163 0.030658 -0.029647 0.005282 -0.080868 0.064652 0.025210
14.517325 0.892922 -0.779956 0.455178 0.082548 -0.107411 -0.029320 -0.129931 -0.189453 -0.013529 -0.204850 0.064592 -0.054130
11.833425 0.406459 -0.232240 0.593746 -0.229289 -0.067938 0.018351 0.115134 0.042239 0.176909 -0.087400 0.068940 -0.020449
14.651450 0.134766 -0.476618 0.539579 -0.284139 0.005331 -0.022524 -0.146299 0.027316 0.102330 -0.063613 -0.012122 -0.023793
13.527944 0.344295 -0.594175 -0.168926 0.079945 -0.132473 -0.183049 -0.045543 -0.096516 -0.097791 -0.027191 0.035928 0.068561
14.393773 0.459926 -0.623831 0.133793 0.458339 -0.443758 0.336249 0.139836 -0.273528 0.134183 -0.071309 -0.140945 0.028880
8.640268 0.586426 -0.643532 0.607270 0.057582 0.165456 0.077979 0.110034 0.045375 0.057813 0.039843 0.125765 -0.021278
12.978672 0.643350 -0.385613 0.016083 0.421325 0.075851 0.146765 -0.001824 -0.206602 0.080783 0.010430 0.033272 -0.033506
14.684906 -0.105982 -0.163951 -0.112351 -0.173010 -0.150543 -0.114100 0.063048 -0.147181 0.001876 0.039536 -0.041393 -0.040131
15.563513 -1.189930 -0.356007 0.387270 0.073349 -0.091008 -0.149767 0.008752 0.008509 -0.076209 -0.123313 0.019727 -0.012773
15.022536 0.249372 -0.508347 0.376536 -0.049127 -0.348499 -0.077751 0.001069 0.009715 0.032656 -0.059371 -0.023150 0.104078
14.164945 0.047469 -0.284388 0.282554 0.400597 -0.242948 0.240165 0.139688 -0.031639 -0.008981 -0.067216 -0.044858 0.033173
14.901020 0.028095 -0.198570 0.188729 0.079546 0.247881 0.159326 -0.077578 0.100084 0.143702 -0.183458 -0.114272 0.020953
15.249249 0.356380 -0.861598 -0.159121 -0.013637 0.084613 -0.132647 -0.049451 -0.128417 0.113628 -0.109401 -0.043086 0.073930
13.660707 1.417531 -0.555917 -0.192154 0.122074 -0.050005 0.081887 0.146932 -0.070442 -0.106072 -0.010263 -0.153552 0.060503
16.365216 0.091346 -0.615107 0.129576 0.151482 -0.156219 -0.032851 -0.152618 -0.093871 -0.004079 -0.204480 0.001885 -0.144740
14.446219 0.708089 -1.177251 1.016912 -0.069796 0.096999 -0.121322 0.072643 -0.287539 -0.089419 0.120145 -0.157054 0.040428
13.967133 1.219424 -1.295637 0.596947 -0.311258 -0.143854 0.277587 -0.239889 0.183498 0.046670 0.035240 0.227033 -0.120271
13.888665 0.709750 -0.085340 0.404067 0.210760 -0.269650 0.421596 -0.015718 -0.026938 0.081758 -0.352144 -0.125792 0.100651
14.764856 1.781948 -0.592707 0.334548 -0.116615 -0.115848 -0.277632 0.051589 -0.212474 -0.140785 -0.035556 -0.075915 -0.015535
14.293509 0.639817 -0.183589 0.337182 -0.156807 -0.028425 -0.050396 0.094913 -0.229384 0.093506 -0.166346 -0.036595 0.037614
12.661506 0.912652 -0.460869 0.356846 0.221390 0.148917 -0.039217 0.217725 -0.213097 0.181334 -0.103241 0.062858 0.020411
10.644812 1.220821 0.045905 0.552429 -0.192819 -0.136788 0.050597 0.286972 -0.265998 0.112750 -0.176810 0.027936 0.026547
15.901979 -0.009441 -0.246292 0.425274 -0.007342 0.068861 -0.079334 0.077061 -0.204108 0.057977 -0.094320 0.105884 -0.082487
13.217615 0.318910 -0.082104 0.568917 0.122013 0.262589 0.015136 0.297281 -0.132934 0.088619 0.007621 0.017123 -0.033168
15.797285 0.695408 -0.210877 0.154798 -0.069228 -0.002942 -0.099726 0.033560 -0.233460 0.131732 -0.067439 0.063596 -0.051176
13.963139 0.776291 -0.141451 0.395664 -0.108812 0.001419 -0.078513 -0.059679 -0.339846 0.139720 -0.018247 0.001116 -0.029838
14.251876 0.835695 -0.284169 0.487455 -0.034840 -0.042932 0.112885 0.049505 -0.017735 0.217299 -0.161482 0.098297 -0.026192
15.171072 0.456039 0.177252 0.526387 -0.070630 -0.020958 -0.111561 0.146791 -0.252758 -0.082346 -0.014756 0.026749 0.026354
12.640346 0.627391 0.633864 0.832456 0.294682 0.138065 -0.160976 0.209285 -0.119972 0.013724 0.052965 0.033609 0.046959
13.127838 0.708846 0.173529 0.450619 0.214028 0.016068 -0.084353 0.193529 -0.121222 0.092557 -0.079331 -0.008643 0.008730
12.563007 1.060831 0.163426 0.463238 0.142480 0.181918 -0.120478 0.156907 -0.093787 0.029661 -0.054614 0.052531 -0.057737
15.573236 0.255539 -0.061314 0.125971 -0.119033 0.018498 -0.236351 0.059171 -0.260461 0.003557 -0.006571 -0.069504 -0.016653
12.765067 0.863237 0.199604 0.576703 0.158319 0.099779 -0.168259 0.213517 -0.055736 0.128143 -0.077728 0.052452 -0.002863
12.842414 1.318991 -0.130984 0.196669 0.114040 0.077846 -0.333041 0.242993 -0.065727 -0.075370 0.040698 0.043513 0.126762
11.231930 2.624449 -0.355374 0.592792 -0.147660 0.036217 0.053641 0.045194 0.066764 0.050833 -0.146855 0.188159 -0.105353
15.297800 1.376827 -1.114592 -0.196474 -0.441638 -0.017155 -0.153088 0.117816 -0.209173 0.036392 -0.056847 0.121027 0.072472
8.207820 2.398102 0.126495 0.375802 0.006260 -0.056836 0.220470 0.359022 -0.024498 0.188745 -0.021800 0.054546 -0.072644
11.521819 2.083925 -0.525254 0.199811 -0.268488 -0.053756 -0.151093 0.120233 -0.147316 0.098502 -0.072516 0.167593 0.020270
12.077277 1.303632 -0.745622 0.586456 0.129409 0.077420 -0.066022 0.098803 -0.120354 0.045442 -0.188769 0.097470 -0.025603
15.686838 0.746636 -0.723905 0.154092 -0.442309 0.159406 -0.113013 0.115042 -0.070361 0.101387 -0.190499 0.038427 -0.018307
13.024785 2.412755 -0.660974 0.337064 0.020129 -0.154582 0.160174 -0.021400 -0.063549 0.074548 -0.095021 0.196278 -0.204910
15.692135 1.221162 -0.391107 0.377657 -0.313895 -0.221598 -0.060363 0.050627 -0.137630 -0.032996 -0.172876 0.163392 -0.137370
13.378785 1.018337 -0.516154 0.410665 -0.087136 0.099435 0.085346 0.017317 -0.018697 0.171468 -0.111742 0.140597 -0.167621
12.186028 1.448095 -0.620596 0.289203 -0.178552 0.009496 0.150212 0.165467 -0.082645 0.006379 -0.201883 0.134323 -0.181530
16.751476 0.108078 -0.366365 -0.070633 -0.480113 0.226013 0.055911 0.213307 -0.043269 0.041839 -0.137164 -0.007280 -0.044609
12.820886 2.256715 -0.707998 0.750674 -0.149767 -0.090391 0.014519 0.084798 -0.000559 0.127975 -0.151473 0.088069 -0.105424
14.964656 1.912426 -1.006642 0.191824 -0.389789 -0.458466 -0.010621 -0.101209 -0.206259 0.058259 -0.088882 0.082223 -0.012436
8.188759 2.114849 -0.353875 0.408383 -0.405957 0.107355 -0.067130 0.050861 -0.003611 0.100215 -0.221692 0.062562 -0.147036
11.691101 2.806480 0.046666 0.352111 0.106357 -0.033557 -0.004494 0.030444 -0.000009 0.052607 -0.216573 0.237700 -0.157926
15.301598 0.467097 -0.312854 0.085280 -0.021668 -0.042057 0.137467 0.151796 -0.078488 0.240459 -0.217457 0.122600 -0.034103
15.856070 0.291475 -0.471098 0.276631 0.211962 0.127889 -0.029030 -0.002677 -0.140911 0.084092 -0.152275 0.005888 -0.000732
16.110596 0.016510 -0.310235 0.389962 0.182370 0.139610 -0.006014 0.001257 -0.157415 0.113091 -0.180439 0.106079 -0.021904
14.178106 1.235669 -0.521990 0.390578 0.219370 0.123139 -0.027402 0.012866 -0.154938 0.088710 -0.284878 0.111933 0.014698
16.176296 0.545139 -0.660186 0.550030 0.179036 0.157178 0.005498 -0.008001 -0.105937 0.017571 -0.178879 0.055982 -0.036741
14.023309 0.990588 -0.627348 0.256023 0.010654 0.054620 -0.044178 0.083926 -0.106402 0.094808 -0.100452 -0.035187 0.024328
14.725881 0.391051 -0.480024 0.455675 0.217765 0.161236 0.062592 0.010308 -0.145873 0.061116 -0.131231 0.027973 0.050587
13.861307 1.012547 -0.591096 0.342546 0.132015 0.142928 0.024427 -0.083243 -0.182886 0.099738 -0.069409 0.028628 -0.020682
14.583546 0.702571 -0.381585 0.398101 0.168339 0.119089 -0.110206 0.114332 -0.054385 0.032723 -0.072547 0.043353 -0.037249
12.333350 1.565497 -0.387029 0.199999 0.180299 0.010594 0.078533 0.059112 -0.106814 0.113564 -0.134591 -0.036068 -0.090657
15.536043 0.582542 -0.895687 0.385080 0.192302 0.167395 0.009632 -0.048191 -0.142039 0.061202 -0.216394 0.016440 0.037653
12.801296 1.134638 -0.754778 0.497378 -0.024797 0.059615 -0.006262 0.096291 -0.134678 0.117752 -0.095592 -0.058219 -0.034611
16.894497 -0.101429 -0.708311 0.735471 0.067099 0.368643 0.020547 0.121937 -0.152056 0.018378 -0.159015 0.043655 -0.002810
13.002995 1.331048 -0.493093 0.732764 0.095670 -0.022695 -0.110959 0.142068 -0.099959 0.089280 -0.164901 0.014471 -0.122740
15.243193 1.269592 -0.703891 0.385703 0.232070 0.112313 -0.045348 0.211813 -0.193389 0.174499 -0.174715 0.108127 0.015818
14.947771 1.249598 -0.660818 0.433904 0.132959 -0.008645 -0.114575 0.347005 -0.203144 0.192127 -0.220373 -0.063784 -0.030847
16.450317 1.017767 -0.921890 0.143412 0.153801 0.009476 -0.017712 0.179514 -0.094986 0.164394 -0.218382 0.116994 -0.027973
14.057279 1.080387 -0.771367 0.369515 0.354147 0.070184 0.040061 0.217795 -0.109797 0.230844 -0.217617 0.024502 0.011142
14.886268 1.330544 -0.641130 0.496431 0.104104 0.133289 0.025905 0.265053 -0.090018 0.141373 -0.212061 0.075039 0.005215
17.022189 0.307286 -0.541240 0.278511 -0.004282 0.018504 -0.051022 0.086200 -0.176960 0.123152 -0.085324 0.020103 -0.073040
11.029304 1.814119 -0.519652 0.047469 -0.126496 0.032316 -0.008918 0.000932 -0.099652 -0.021932 -0.013445 -0.048202 -0.067848
8.280861 1.660456 -0.283652 0.204363 -0.073202 0.115817 0.034335 0.146150 -0.028515 -0.025550 -0.154778 -0.046651 0.021150
10.797005 3.541487 -1.328587 0.423505 -0.144655 0.254659 -0.154452 -0.146151 0.066222 0.280925 -0.081499 0.099288 0.014193
9.308297 3.707491 -0.033488 -0.284140 0.059611 0.162274 -0.197880 -0.077639 0.015459 0.075975 -0.029884 0.017551 -0.166241
11.562738 2.057606 0.041896 0.707894 0.027647 0.170132 -0.110722 0.068811 -0.243010 0.061641 -0.024397 0.115412 0.158571
11.391480 1.626264 -0.332953 0.261416 -0.453332 0.130821 -0.204980 -0.008475 0.013409 0.158333 0.068779 -0.028232 -0.130860
12.131966 1.692530 -0.755628 0.837059 -0.006461 0.051846 -0.164763 0.436899 0.076490 0.123881 -0.089231 0.089433 -0.223232
10.958692 2.024464 -0.163221 0.400424 -0.674617 0.209287 -0.272489 -0.137339 -0.061801 -0.045489 -0.454181 -0.421021 -0.307086
12.770373 1.292701 -0.958157 0.241375 0.143339 0.195844 0.129376 0.303235 -0.132705 0.232976 0.089074 0.149773 -0.033248
9.723307 2.783594 0.776344 0.130812 -0.206715 -0.125472 -0.078225 0.059517 -0.069792 0.103174 0.012928 0.191041 0.068505
8.780288 2.904052 -1.035535 0.358372 0.239705 0.382871 0.002938 0.444934 0.002792 0.047242 -0.094541 0.067085 -0.091894
13.171584 0.704580 -0.318436 0.084129 0.043909 0.120384 -0.154789 -0.001876 -0.070435 -0.061846 -0.256278 0.008007 -0.202239
11.183325 0.814782 -0.234017 0.147608 0.093060 0.101629 -0.139911 0.078330 -0.032339 0.128193 -0.124461 -0.009337 -0.119204
11.842012 0.211413 0.310209 0.278858 0.132158 -0.164117 -0.095248 0.121679 -0.235949 0.107901 -0.085807 0.054744 -0.004628
8.413443 2.695012 -0.504980 0.384576 0.159615 0.093105 -0.108490 0.086006 0.064774 -0.083300 -0.078468 0.056433 -0.135710
12.534459 0.588725 -0.320175 0.105818 0.128944 0.019755 -0.077221 0.032441 -0.163454 0.007190 -0.148743 -0.036598 -0.123871
12.075988 1.318073 -0.587109 0.193824 0.056530 0.185244 -0.057498 0.024223 0.002916 0.004577 -0.196739 0.050367 -0.099791
11.441819 0.193249 -0.085352 0.287291 0.012281 0.108346 -0.025269 0.094558 -0.159870 0.026659 -0.187831 -0.006299 -0.108319
13.001372 0.376906 -0.638548 -0.078234 -0.184430 0.067342 -0.027435 0.112784 -0.098836 0.162902 -0.099056 -0.035703 -0.046873
11.474339 1.445824 -0.552848 0.131956 -0.163735 0.132772 -0.040127 -0.000798 -0.142640 -0.069958 -0.395309 -0.092992 -0.132922
7.701217 1.063888 -0.443193 0.570592 0.144273 0.488347 0.040635 0.282238 -0.008485 0.153550 -0.090602 0.009217 -0.137429
13.441347 -0.867104 -0.191744 0.501626 -0.204127 0.016618 -0.121353 0.121990 -0.341514 0.104648 -0.240767 0.023353 -0.065290
10.289826 1.193065 0.495954 0.133300 -0.065404 0.111341 -0.105632 0.048882 -0.283973 0.118903 -0.075081 -0.018125 -0.028791
13.425833 0.276235 -0.360608 0.375197 -0.294000 -0.001242 -0.265163 0.021827 -0.404258 -0.162911 -0.460103 -0.482564 -0.482926
12.589913 0.311417 -0.539103 0.215991 -0.254598 0.173731 -0.178882 0.120323 -0.157078 0.120254 -0.215327 -0.011180 -0.077540
11.422549 0.413951 0.114435 0.489884 -0.123940 -0.022270 -0.080714 -0.057713 -0.302986 0.013129 -0.144365 0.104100 0.052851
7.982007 1.636177 -0.110079 0.365519 -0.054987 0.415506 -0.127650 -0.114013 -0.083127 0.201189 0.152098 0.071357 -0.023246
10.902020 0.308722 -0.257841 0.622129 -0.023376 -0.220966 0.121821 0.226850 -0.124157 0.184224 -0.120633 -0.086254 -0.128318
12.048848 0.640898 -0.246212 0.277998 0.008116 -0.031143 -0.002002 0.130508 -0.099621 -0.000843 -0.171755 -0.008615 -0.170717
11.962235 0.044495 -0.369295 0.535816 0.055920 -0.207559 0.155536 0.229200 -0.231120 0.174758 -0.212429 -0.193365 -0.074962
10.141655 0.919416 -0.743376 0.803331 -0.153344 -0.051853 0.325421 0.210606 -0.233654 0.030260 -0.359014 -0.132518 -0.232973
11.927383 0.609063 -0.583638 0.361362 -0.126619 -0.039636 -0.138407 0.178430 -0.246069 -0.044856 -0.181626 0.009434 -0.059456
9.228869 0.901594 0.168124 0.427530 -0.125275 0.086870 -0.173003 0.079711 0.018041 0.173576 0.065559 0.069516 -0.155948
10.959233 1.753859 -0.650986 0.832283 -0.447858 0.327627 -0.112579 0.466060 -0.162227 0.324209 -0.108638 0.039736 -0.168978
14.491081 0.819207 -1.070095 0.521994 -0.503009 0.306413 -0.009255 0.372292 -0.105228 0.338561 -0.122099 0.131277 -0.198869
11.191999 3.081402 -0.908851 0.912747 -0.175129 0.237200 0.283138 0.269499 -0.044831 0.104387 -0.282776 0.000047 0.006381
12.588832 1.999334 -1.126580 0.463707 -0.059271 0.066729 -0.115588 0.113929 -0.256169 0.118837 -0.017638 0.084013 -0.142356
12.696633 1.855069 -0.379609 0.196786 -0.336074 -0.018824 -0.008367 0.110994 -0.057268 0.041853 -0.016526 0.108563 -0.220509
13.775954 1.213926 -0.629354 0.399811 -0.118694 0.012861 -0.103041 -0.017153 -0.009416 0.061550 0.153342 0.134397 -0.149268
10.927683 1.666327 -1.006735 1.261201 -0.211367 0.277597 -0.329898 0.027192 -0.218940 -0.162004 -0.041553 -0.087779 -0.189734
13.304370 1.939957 -0.548325 1.470948 -0.344049 0.145091 0.035443 -0.135792 -0.072448 -0.012821 -0.232443 0.131005 -0.112629
12.306229 1.219656 -1.301983 0.880927 -0.371052 -0.150959 -0.215446 0.298033 0.142634 -0.098352 -0.210645 -0.078978 -0.091660
12.753907 1.700429 -0.434290 1.033674 -0.559698 0.515849 0.124394 -0.064610 -0.186734 -0.055771 -0.272053 0.129463 -0.099090
13.861951 1.055560 -0.939691 0.177545 -0.343058 -0.115657 -0.234939 -0.040178 -0.123115 0.106516 0.053721 0.196094 -0.029864
11.031093 2.781289 -0.596429 0.046786 -0.288567 0.125632 -0.023720 0.027247 -0.100681 0.015825 -0.119944 0.061994 -0.238509
11.759878 2.703050 -0.774330 0.752676 -0.050338 0.215945 0.144337 0.255733 -0.069489 0.079595 -0.291378 -0.057816 0.000962
12.084876 1.829987 -0.785865 1.134540 -0.229011 0.400568 -0.068422 -0.015943 -0.184584 -0.036623 -0.344957 -0.115782 -0.235026
12.787633 0.458617 -0.357567 0.298198 -0.038598 -0.137624 -0.167167 0.126314 -0.093965 0.074819 0.025686 0.012587 -0.008680
12.710268 0.787804 -0.485890 0.290561 -0.111340 0.045464 0.057340 0.138024 -0.085634 0.014830 -0.075156 0.027946 -0.090983
14.011471 0.593610 0.675496 0.589732 0.388531 0.110302 0.166105 0.100277 -0.271051 0.039923 0.060985 0.005702 -0.164915
16.062811 -0.439079 -0.235792 0.159078 0.028705 -0.193711 -0.005721 0.204678 0.120753 0.057351 -0.053713 -0.083558 -0.119006
11.023060 1.669925 -0.572648 0.754417 -0.370343 0.251163 -0.038117 0.394170 -0.095133 0.260529 -0.048668 -0.016041 -0.116513
15.388834 -0.216155 -0.028346 0.509331 -0.128424 -0.050322 -0.009757 0.251992 0.000705 -0.033607 -0.007224 -0.043233 -0.019736
14.549180 0.737330 -0.989074 0.442386 -0.425293 0.230954 0.063514 0.302565 -0.038736 0.275482 -0.062642 0.075555 -0.146842
15.102689 1.252969 -0.229884 0.029236 -0.115661 -0.128541 -0.177663 -0.118805 -0.106104 0.001167 -0.080323 0.069910 -0.018471
11.267528 2.977636 -0.810785 0.818656 -0.083899 0.149397 0.367398 0.188782 0.031326 0.033289 -0.215945 -0.062940 0.064670
16.668359 -0.656835 0.013969 -0.024322 0.045915 -0.141713 -0.033726 0.046326 -0.167309 -0.071848 -0.068450 -0.092614 0.005322
11.340112 1.791103 -0.451240 0.622627 0.068746 0.032354 -0.099691 -0.107251 0.069870 0.070281 0.152501 0.066166 -0.142592
12.662077 1.897466 -1.027810 0.368022 0.033439 -0.023141 -0.029026 0.030920 -0.177300 0.044595 0.052020 0.019004 -0.081971
12.371468 0.677710 0.537844 0.482089 0.185933 0.051535 -0.000689 0.101250 -0.029622 -0.045984 -0.039257 0.070099 0.096115
12.793863 1.721323 -0.254707 0.081639 -0.229882 -0.116887 0.082958 0.024961 0.024075 -0.035302 0.057104 0.038210 -0.153685
17.301650 -0.115486 -0.355784 0.062791 -0.007012 -0.055832 -0.045106 0.036358 -0.086373 0.013692 -0.086551 -0.028101 0.042992
13.848167 1.112885 -0.530770 0.304070 -0.026344 -0.075554 -0.018754 -0.096942 0.065828 -0.009521 0.220191 0.071872 -0.090805
16.377918 -0.036368 -0.216026 0.171691 -0.172413 -0.094664 -0.028371 0.022355 -0.104601 -0.032776 -0.007290 -0.067385 -0.015704
15.898200 1.029514 -0.367798 0.206666 0.260868 -0.058174 0.125709 -0.007352 -0.129976 0.075083 -0.106659 0.020991 -0.124765
10.995485 1.575490 -0.921219 1.176820 -0.128721 0.196183 -0.250824 -0.048564 -0.147225 -0.229394 0.022105 -0.147085 -0.134271
15.293398 1.569943 -0.713327 0.188862 -0.031233 0.083977 -0.036282 0.035370 0.001921 -0.096560 -0.007692 -0.179371 0.010323
13.370468 1.847763 -0.458450 1.382883 -0.258118 0.062198 0.115124 -0.211834 -0.000256 -0.081274 -0.167718 0.070208 -0.056288
12.819201 1.610668 -0.347961 0.948374 -0.475847 0.434875 0.202175 -0.139359 -0.115113 -0.123446 -0.208691 0.069839 -0.043145
13.942496 0.943152 -0.830700 0.072594 -0.242618 -0.211065 -0.144753 -0.125232 -0.043165 0.031481 0.124277 0.129795 0.032232
11.224530 2.526792 -0.386606 -0.116611 -0.159605 0.019054 0.068540 -0.056150 -0.022271 -0.060609 -0.043569 -0.013795 -0.166111
11.829570 2.607445 -0.683121 0.663750 0.036987 0.130794 0.226556 0.176575 0.006217 0.007908 -0.224003 -0.120810 0.059703
12.154148 1.735279 -0.695197 1.045704 -0.141514 0.315143 0.013082 -0.094126 -0.109947 -0.106978 -0.279271 -0.177718 -0.176399
15.996797 -0.128693 -0.284394 0.247662 0.088412 -0.117872 -0.120188 -0.041812 -0.073612 -0.055331 -0.171322 -0.213972 -0.080785
14.065819 0.306727 -0.263977 0.330336 0.018742 -0.024487 -0.156171 0.040610 -0.166382 0.005934 -0.073815 -0.144821 -0.089109
16.241687 -0.022266 -0.363374 0.186441 0.044503 -0.165293 -0.071620 0.030984 -0.155087 -0.134239 -0.111919 -0.235406 -0.150051
14.318032 1.423971 -0.808687 0.091060 -0.065256 0.055342 -0.089846 0.233553 0.025917 0.084552 -0.016192 -0.148273 -0.310744
16.297444 -0.209777 -0.617447 0.262814 0.201295 0.012441 -0.197092 -0.006910 -0.180432 0.027337 -0.072913 -0.156407 0.014832
14.560678 0.261212 -0.412151 0.569737 0.209370 -0.292971 -0.108014 0.126365 -0.215018 -0.212533 -0.050125 -0.164517 -0.137552
13.540872 -0.338699 -0.548035 0.496526 -0.115626 -0.093835 0.003596 0.096200 -0.158060 -0.120802 -0.129683 -0.031501 -0.084827
14.911291 -0.621658 -0.653055 0.370616 -0.212538 -0.233451 -0.057695 0.056612 -0.075026 0.055178 0.032547 0.060695 -0.028920
11.247267 -0.532013 0.324745 -0.056849 0.149170 -0.032688 0.067646 0.083405 0.095544 -0.036353 -0.014814 -0.046471 -0.038108
13.640924 -0.946991 0.029821 -0.014988 -0.008471 -0.005735 0.045133 0.045488 0.098219 -0.087577 -0.081140 -0.044132 -0.045966
14.326067 -0.748287 0.193827 0.220990 -0.174825 0.007155 -0.043335 0.103838 -0.053154 -0.082335 -0.124013 -0.061243 -0.082019
13.260622 -0.416067 -0.486113 0.305367 -0.020692 0.048479 -0.129456 -0.049808 -0.115572 -0.201300 -0.008419 -0.055332 -0.103087
14.512322 -0.259720 -0.742709 0.347830 -0.148299 0.008009 -0.023063 -0.004686 -0.117889 -0.333853 -0.146701 -0.093637 -0.121872
14.045141 -1.255536 -0.228869 0.131452 -0.160729 -0.007902 -0.142925 -0.033489 -0.244219 -0.052712 0.199775 0.058565 0.003183
7.929928 0.008245 0.670999 0.322497 0.162574 0.138608 0.125776 -0.076670 -0.093400 0.076044 0.029572 -0.098059 -0.013836
12.579041 0.320614 0.247063 -0.047814 0.044146 -0.067309 0.050598 -0.125640 -0.192942 0.001822 -0.052958 -0.154429 -0.024050
8.794546 0.467187 0.192400 0.624881 0.471746 0.021139 -0.113415 -0.002475 0.018979 0.264738 -0.038920 -0.260908 -0.047368
11.777782 0.895411 0.259414 0.601326 0.208442 -0.105553 0.152668 0.363033 0.086338 0.109954 0.023810 -0.018883 -0.054397
10.205299 -0.299335 0.508963 0.502714 0.214897 -0.225513 -0.267641 0.166045 -0.118508 -0.146148 0.086864 0.068437 0.092177
9.367281 0.294776 0.657060 0.569240 0.240881 -0.223290 -0.086776 0.230515 0.107806 0.036363 -0.071253 -0.119639 -0.071427
12.083354 0.888383 0.025798 -0.112098 0.142002 -0.012981 0.166198 -0.009352 -0.025940 0.078714 -0.063855 -0.066578 -0.004568
8.225232 1.782074 0.162681 0.489752 0.100133 0.267026 -0.075167 0.235984 -0.127455 -0.026683 -0.225173 -0.049378 -0.205726
12.667911 0.539777 -0.296380 -0.001757 0.195178 0.044605 -0.147544 0.275307 -0.065989 0.165895 -0.028899 0.047189 -0.072101
10.807918 0.426444 -0.478355 0.120701 0.061146 0.039804 -0.174242 0.320228 -0.111712 0.223870 -0.052887 0.154837 -0.071994
6.267225 1.175160 0.704713 0.613389 0.289414 0.312920 0.067180 0.287183 -0.014655 0.083579 -0.028448 0.042443 -0.097946
11.898101 0.259126 -0.078046 0.218939 0.030899 0.161440 -0.277788 0.195639 -0.027045 0.143008 0.083764 0.130763 -0.104023
9.630537 0.816779 -0.051945 0.246056 0.257650 0.052271 -0.110552 0.260066 -0.124187 0.176714 -0.053451 0.097512 -0.074772
16.417776 -1.131433 -0.834031 0.429906 -0.039126 -0.041810 -0.029525 -0.178311 0.120211 0.001022 -0.038553 -0.031969 -0.041016
15.602074 -1.011681 -0.734098 0.171911 0.120729 -0.058844 -0.102613 0.185948 0.046279 -0.046467 0.036164 0.109375 -0.040964
16.554631 0.302154 -1.001569 0.465173 -0.337536 0.069200 -0.338963 -0.098587 -0.247974 -0.015833 -0.047423 0.179407 -0.022100
17.067364 -0.849321 -1.236333 0.071872 -0.358101 0.026975 -0.066217 0.188456 -0.127285 -0.036343 -0.041814 0.108369 -0.069407
14.590540 -1.491757 -0.757681 0.176911 0.147340 -0.208978 -0.218789 0.009911 -0.023959 -0.035424 -0.004170 0.008098 0.058281
15.876220 -0.425891 -0.726066 0.763612 -0.248743 0.092450 0.084554 0.106938 -0.144098 -0.030731 -0.005221 0.091162 -0.041506
14.182080 -1.108066 -0.504672 0.391721 -0.127637 -0.311291 -0.180365 0.070832 -0.168103 -0.056633 0.024720 -0.022092 0.004292
14.843828 -1.016127 -0.905536 0.381223 0.151368 -0.241442 -0.158037 0.127464 0.081685 0.012618 -0.068433 0.033091 0.003042
13.512806 -0.539449 -0.574656 0.194227 -0.200739 -0.125574 -0.003371 -0.054243 -0.031549 0.041940 -0.145242 -0.057943 0.044470
17.969565 -0.370506 0.125494 0.618177 -0.422376 0.174183 -0.142909 -0.099174 0.035743 -0.015040 -0.000878 0.119916 -0.082978
16.349860 -1.363079 -0.525085 1.047909 -0.149632 0.108384 -0.092022 0.053928 -0.009995 -0.063981 -0.046943 0.105363 -0.094306
18.276388 -0.890700 -0.798778 0.742419 0.080803 -0.274333 -0.108065 0.332667 -0.103110 0.031612 -0.044459 -0.028438 -0.013586
16.398739 -1.010327 -1.328660 0.498822 -0.041417 -0.172194 -0.437182 0.081699 -0.077067 0.034602 -0.062937 0.057112 0.003614
15.634726 -1.486784 -1.095790 0.518542 0.051083 -0.169384 -0.384539 0.125163 -0.082353 0.042562 -0.089975 0.051036 0.014191
14.900879 -1.238813 -1.554664 0.661267 -0.124808 0.024204 -0.251779 0.162827 -0.137541 0.045810 -0.024177 0.126269 0.059555
15.826342 -1.449419 -0.384382 0.996576 0.088625 0.195213 0.032452 0.205071 0.005652 -0.022406 -0.030401 0.101859 -0.088895
18.923699 -0.726843 -1.268463 0.261875 -0.095818 -0.064066 -0.367918 0.171377 -0.124702 0.116768 -0.103904 0.120485 0.103598
15.869586 -1.085952 -0.719771 0.629315 0.098353 0.124081 -0.156838 0.103459 -0.147735 0.075855 -0.157157 0.132912 0.042690
15.992650 0.540972 -2.441658 0.988260 -0.441825 0.273470 -0.287407 0.127194 -0.193606 0.063220 -0.071315 -0.014926 0.009109
15.386780 -0.997074 -0.743453 0.686751 0.104496 0.082702 -0.164075 0.089042 -0.177176 0.119545 -0.142537 0.163238 0.065326
15.736862 -1.025267 -0.655209 0.654975 0.161629 0.167243 -0.127921 0.049815 -0.187299 0.054981 -0.176321 0.171469 0.080288
16.080439 -1.373879 -1.002428 0.361071 -0.254723 0.031690 -0.224050 0.142700 -0.105984 0.042911 -0.093960 0.099118 -0.066470
16.682128 -0.132407 -0.101479 1.149619 0.071018 -0.000739 -0.438975 0.048563 -0.062799 0.048222 -0.497621 0.239173 -0.251259
16.812383 -0.822371 -0.930514 0.833512 -0.479302 -0.135385 -0.161041 -0.018635 0.065166 0.081476 -0.052901 -0.018574 -0.053995
17.659057 -0.553292 -0.961663 0.384069 -0.154546 0.087097 -0.145776 0.222489 -0.075184 0.075882 -0.132374 0.066420 -0.138843
14.617707 -0.636808 -1.297731 0.790407 0.093839 0.033995 -0.080735 0.217605 0.016687 0.125156 -0.119281 0.034133 -0.036345
16.607726 -1.173393 -1.335173 0.735131 -0.354880 0.252168 -0.295691 0.231157 -0.019185 -0.140158 0.123281 0.090865 -0.110260
17.135660 -0.518024 -0.918529 0.267328 -0.007830 0.010087 -0.159503 0.084599 -0.045726 0.179759 -0.078416 0.082399 -0.012308
17.522253 -0.535810 -0.838127 0.252262 -0.082523 -0.043493 -0.307403 -0.193627 -0.191028 0.054755 -0.178059 0.130176 -0.058468
15.205587 -0.974489 -0.155368 0.407538 -0.356130 0.028030 -0.081474 0.221345 -0.138699 0.022151 -0.004273 0.076515 -0.069916
15.661346 0.767556 -0.931149 0.578965 -0.077549 0.380693 -0.187976 0.076631 -0.045871 0.004241 -0.099668 0.137800 0.030270
17.585283 -0.533468 -0.474606 0.238909 -0.076631 0.127257 -0.002484 0.009472 -0.113261 0.177706 -0.137594 0.215381 0.073096
16.386668 -0.261716 -1.003968 0.501483 -0.343642 -0.177548 0.034612 0.086852 -0.108399 0.030029 -0.168745 0.079879 -0.026589
16.596092 0.277319 -1.485820 1.165243 -0.327437 0.080971 -0.014961 -0.112013 0.250912 0.091307 -0.164108 0.366585 -0.194471
15.142391 -0.408282 -0.555016 0.367216 -0.339536 0.144720 -0.344993 -0.079587 -0.196078 0.042456 -0.075618 0.154824 -0.026839
18.395207 -0.949271 -0.918441 0.226612 -0.107226 0.279192 -0.309672 0.204379 0.025544 0.136838 -0.139591 -0.002752 0.022572
15.998497 -0.859964 -0.832996 0.321437 0.018478 0.062940 -0.121758 0.131783 -0.034746 0.048374 -0.080020 0.091970 -0.028539
16.004519 0.104023 -0.672318 0.092949 -0.540837 -0.042182 -0.471321 0.051516 -0.052863 0.256756 -0.193848 -0.101092 -0.122366
14.993319 -0.948029 -1.552805 0.875846 0.268174 0.294342 -0.192657 0.400961 0.078200 0.048079 -0.054311 0.129045 0.055565
15.913748 -0.256165 -0.725364 0.669015 -0.438045 0.379220 -0.151734 -0.072164 0.013489 0.224773 -0.068388 0.105047 -0.030053
16.058474 -0.810926 -1.207739 0.035383 -0.221607 -0.079651 0.091334 0.250154 -0.048731 0.037766 -0.057520 0.135173 0.033995
15.190922 0.096013 -1.561396 0.358330 -0.042790 -0.144267 0.056753 0.244809 -0.045158 0.174967 -0.134866 0.184944 0.157531
15.743784 -0.337974 -1.380399 0.026119 -0.094458 -0.077096 -0.147626 0.116592 -0.173723 0.090320 -0.116116 0.221790 0.245192
15.268490 -0.543864 -1.289869 0.339022 0.069668 -0.049058 -0.030662 0.016213 -0.030236 0.123446 -0.175329 0.217728 0.030400
15.679788 -0.869355 -1.142329 0.192942 -0.132811 -0.055650 -0.056789 0.081559 -0.011360 0.143917 0.000597 0.270642 0.029714
14.124821 -0.249802 -1.194466 0.505879 0.008888 -0.165740 0.063312 0.152535 -0.028616 0.118950 -0.204211 0.284304 0.106346
18.145292 -0.865748 -0.733048 0.559617 -0.051578 0.186842 -0.226399 -0.033858 -0.062858 0.004728 -0.199243 0.008990 -0.109816
18.119134 -0.936796 -0.815356 0.691395 -0.164603 0.119042 -0.068628 -0.123219 -0.097867 0.013156 -0.228241 0.033379 -0.081069
18.493824 -0.940993 -0.728354 0.404989 -0.199133 0.130912 -0.080991 -0.095634 -0.086121 0.034465 -0.106891 0.087064 -0.119581
18.430714 -1.068770 -0.782243 0.595294 -0.329754 0.111415 -0.114668 -0.067357 -0.025133 0.032695 -0.161514 0.067261 -0.112763
18.507838 -1.143876 -0.611470 0.605537 -0.253777 0.152377 -0.059257 -0.127530 0.003519 0.025296 -0.176174 0.091453 -0.092380
18.455636 -1.545932 -0.532254 0.491581 -0.339272 0.175256 -0.193192 -0.120805 -0.048514 -0.000353 -0.123427 0.070333 -0.084436
18.041453 -0.639882 -1.124214 0.655668 -0.288008 0.099740 -0.118723 -0.059711 -0.073024 0.102832 -0.147452 0.096555 -0.064434
18.295940 -0.867897 -0.625203 0.523174 -0.334894 0.035660 -0.103101 -0.145376 -0.078759 -0.011837 -0.172224 0.036752 -0.126313
18.160301 -1.267845 -0.616930 0.524132 -0.190192 0.185197 -0.148643 -0.055703 -0.026126 0.015419 -0.193370 0.018023 -0.076761
18.546897 -1.244817 -0.733136 0.583444 -0.260108 0.137630 -0.128656 -0.075945 -0.076011 -0.002247 -0.154802 0.061505 -0.083315
18.573009 -1.042720 -0.559444 0.639068 -0.231833 0.125177 -0.103365 -0.144350 -0.102288 -0.022325 -0.153590 0.045380 -0.076320
17.449567 -0.832050 -1.028319 0.635959 -0.003723 0.104463 0.010171 0.020145 -0.091338 0.173106 -0.117137 -0.002647 -0.099494
17.709700 -0.259814 -0.726201 0.186053 -0.196901 -0.040789 -0.209797 0.149871 -0.263682 0.108047 -0.168327 0.238472 -0.010581
17.812343 -0.316072 -1.016150 0.374172 -0.107377 0.027156 -0.298443 0.082622 -0.175035 0.139969 -0.103104 0.249404 -0.028523
16.526805 -0.154377 -1.082264 0.508499 -0.217774 0.190150 -0.188227 0.118392 -0.080295 0.139922 -0.162646 0.249578 -0.016820
16.058474 -0.810926 -1.207739 0.035383 -0.221607 -0.079651 0.091334 0.250154 -0.048731 0.037766 -0.057520 0.135173 0.033995
15.190922 0.096013 -1.561396 0.358330 -0.042790 -0.144267 0.056753 0.244809 -0.045158 0.174967 -0.134866 0.184944 0.157531
15.743784 -0.337974 -1.380399 0.026119 -0.094458 -0.077096 -0.147626 0.116592 -0.173723 0.090320 -0.116116 0.221790 0.245192
15.268490 -0.543864 -1.289869 0.339022 0.069668 -0.049058 -0.030662 0.016213 -0.030236 0.123446 -0.175329 0.217728 0.030400
15.679788 -0.869355 -1.142329 0.192942 -0.132811 -0.055650 -0.056789 0.081559 -0.011360 0.143917 0.000597 0.270642 0.029714
14.124821 -0.249802 -1.194466 0.505879 0.008888 -0.165740 0.063312 0.152535 -0.028616 0.118950 -0.204211 0.284304 0.106346
15.629124 -0.259385 -1.129574 0.821065 0.213020 0.057444 0.128968 0.223919 0.028122 -0.094995 -0.159757 0.063702 -0.104130
15.032880 -0.050823 -0.892483 0.532244 -0.302370 -0.013550 -0.182040 0.017177 0.026229 0.090274 -0.174065 0.082616 -0.067601
14.839687 -0.022921 -0.629756 0.628140 -0.036473 0.224813 -0.057487 -0.005168 -0.048016 0.061862 -0.154237 0.278221 -0.025618
12.298253 -0.839501 -0.331351 0.494378 0.224615 0.186795 0.133244 -0.125849 -0.115173 0.031217 -0.089968 -0.007329 -0.084406
15.927003 -0.759927 -0.420098 0.312811 -0.275909 0.032282 -0.199672 -0.011794 -0.170013 0.049385 -0.136531 0.047319 -0.111750
17.113575 -0.458646 -0.963536 0.521648 -0.109428 0.088341 -0.119748 0.145408 0.016509 0.077236 -0.101873 0.070724 -0.018871
18.054265 -0.793890 -0.651902 0.346388 0.103273 0.067660 -0.081267 0.267648 -0.060737 0.105328 -0.097887 0.050951 0.017479
12.268686 -1.156096 -0.514081 0.632093 -0.163582 0.286045 -0.026368 0.160191 -0.000504 0.048745 -0.096346 0.152252 -0.029343
16.711959 -0.050094 -0.491859 0.451632 0.178931 0.088638 -0.106711 0.107693 -0.036618 -0.016350 -0.112985 0.035590 0.028246
15.399377 -1.041975 -0.810440 0.799760 -0.075472 0.060875 -0.120880 0.057109 -0.067933 0.078176 -0.135004 0.267676 0.105015
16.978101 -0.755767 -0.552930 0.615547 -0.385836 0.184761 -0.168277 0.084042 -0.135302 0.002633 -0.136548 0.136750 -0.066585
17.723243 -1.061871 -0.636816 0.224352 -0.003535 0.062827 -0.160811 0.220390 -0.059403 0.174260 -0.118461 0.156110 0.043774
16.175521 -0.671514 -1.053545 0.136491 -0.184534 0.216137 -0.023992 0.188118 -0.034310 0.022698 -0.141493 0.093087 -0.128461
15.786701 -1.099483 -0.489807 0.214575 -0.014931 0.294313 -0.201414 0.157601 -0.138620 0.163586 -0.118238 0.080562 -0.048586
17.661004 0.384016 -1.121546 0.111120 -0.460087 -0.078360 -0.310323 0.242120 -0.336373 0.261028 -0.251895 0.076711 0.013932
16.293644 -0.228646 -0.985477 0.546132 -0.419344 0.091779 -0.130356 0.168079 -0.066035 0.026698 -0.065012 0.025814 -0.011730
17.219246 -0.263663 -0.777116 0.916865 0.019881 0.143381 -0.138599 0.208254 -0.289388 -0.072042 0.041331 0.004968 0.059407
17.964947 -0.262850 -0.763394 0.252671 -0.258098 0.103186 -0.166363 -0.122050 -0.100524 0.105335 -0.103849 0.067857 -0.065229
16.943251 -0.395372 -0.799033 0.319348 -0.242929 0.399461 -0.229583 -0.127093 0.040280 0.084133 -0.115048 0.040317 0.039355
15.368510 -0.461579 -0.633853 0.442303 -0.279542 0.037042 -0.107314 0.056750 -0.315653 -0.061380 -0.153193 -0.000565 -0.072083
18.542826 -1.463529 -0.207594 0.358950 -0.018314 -0.022508 -0.193996 0.192181 -0.162896 0.074169 -0.193608 0.001011 -0.044324
13.892324 -0.009949 -0.993010 0.745422 0.189132 0.311134 -0.112615 0.213500 -0.206546 0.093629 -0.054034 -0.020175 0.046627
14.974267 0.415295 -1.420028 0.863957 -0.114797 0.389195 -0.151845 0.128570 -0.063310 0.007138 -0.077858 0.169546 0.220257
15.369413 -0.446270 -0.703650 0.176994 -0.232330 0.138651 -0.108295 0.226187 0.263326 0.126241 -0.218627 0.062600 -0.150370
15.475687 -0.062009 -0.164534 0.407428 -0.383446 0.051514 -0.243406 0.151593 0.088932 0.013431 -0.138758 0.125149 -0.059666
16.257950 0.323578 -0.628893 0.618658 -0.199802 0.138726 -0.004297 0.114259 -0.121819 0.021582 -0.055602 0.039450 -0.066009
15.143461 -0.880069 -0.742672 0.725090 -0.313605 0.061099 -0.098331 0.106588 0.082292 0.123870 0.022522 0.102672 0.046874
15.142391 -0.408282 -0.555016 0.367216 -0.339536 0.144720 -0.344993 -0.079587 -0.196078 0.042456 -0.075618 0.154824 -0.026839
16.890683 -0.353420 -0.497241 0.201025 -0.328106 -0.149567 -0.190797 0.211375 0.057527 0.056541 -0.061349 0.040623 -0.023960
16.628970 -0.786692 -0.640332 0.461470 -0.108343 0.076754 -0.167605 0.154682 0.007899 0.032849 -0.078499 0.067944 -0.001233
15.950374 -0.456244 -0.874983 0.554969 0.091638 0.146528 -0.033426 0.249275 -0.010418 0.091505 0.016014 0.085196 -0.025880
15.587016 -0.389667 -0.975442 0.322282 -0.065368 0.061403 -0.084940 0.131335 0.019256 0.081014 -0.150601 0.097514 0.052360
16.033287 -0.512254 -0.756098 0.365655 -0.138647 0.018904 -0.241026 0.128656 0.042471 0.016540 -0.053380 0.037947 0.010226
14.951386 -0.607077 0.135089 0.263037 0.287872 -0.103316 0.192995 -0.183729 0.394280 0.074760 0.064659 0.024229 0.098411
15.953961 -0.953473 0.519752 0.035585 0.305188 -0.208137 -0.072890 -0.155614 -0.047025 0.074031 0.030059 0.117352 -0.044440
15.864570 -0.576474 0.445295 0.009430 -0.088381 -0.150262 0.039271 -0.117490 -0.027515 -0.010965 -0.018811 -0.053324 -0.039496
14.049821 1.400605 -1.406429 0.398114 0.122443 -0.139328 0.327305 -0.309098 0.063672 0.020791 0.045868 0.165544 -0.117162
17.223120 0.087033 -0.266762 -0.034355 0.036709 -0.230037 -0.154667 -0.290818 -0.037948 0.011301 0.106195 0.158328 -0.032981
15.174971 0.395640 -0.603392 0.200443 -0.183667 -0.131645 -0.249711 -0.052204 0.080295 0.118967 0.037514 0.080126 -0.037845
12.648053 -0.060632 0.232992 0.177898 0.021283 0.137206 -0.163022 -0.043448 0.104151 0.118333 0.050453 0.253200 0.058636
11.667351 1.219796 -0.075414 0.043678 0.088588 -0.557887 -0.234694 -0.390556 -0.031465 0.274268 0.085722 0.034991 -0.262203
16.397493 -0.234409 -0.386212 0.016185 0.215001 -0.215375 0.004783 -0.262356 -0.046280 0.019118 0.086749 0.119859 0.063416
16.718983 -0.724233 -0.139150 0.373357 0.089114 -0.050449 -0.215895 -0.259435 0.021616 0.172224 0.000520 0.037943 0.020696
14.701631 0.502283 -0.403671 0.182996 0.157699 0.224675 -0.028051 0.020207 0.097731 0.126399 -0.174219 -0.007439 0.066100
11.928933 1.317574 0.077103 0.256601 -0.203726 -0.321839 0.173995 -0.309463 0.061925 0.013826 -0.098563 0.025045 0.108238
16.398684 0.027792 -0.570134 -0.041162 0.062164 -0.176152 0.121152 0.012867 -0.017248 0.143800 0.009144 0.050842 -0.071390
13.122996 -0.040331 0.854220 0.200267 0.532887 0.043513 0.157961 -0.076156 -0.112676 0.185036 -0.047504 0.075507 -0.081798
13.720512 0.545331 -0.568769 -0.045249 0.108903 0.113503 -0.140554 -0.049889 0.145200 0.202059 -0.096992 -0.037342 -0.099319
16.101891 -0.371064 0.083089 0.007264 -0.091267 -0.123552 -0.108868 -0.198014 -0.076374 -0.034225 -0.033578 0.002942 -0.025849
14.956355 -0.619499 0.122690 0.152546 -0.009028 -0.045827 -0.035507 -0.168713 0.036618 0.076251 0.015341 0.023825 0.040903
16.239163 -0.219736 -0.091871 0.086105 0.113997 -0.007133 -0.088742 -0.071968 -0.204178 0.231573 0.017875 0.045725 -0.028451
16.016511 -0.471157 0.478260 -0.168761 0.088544 -0.114955 0.089158 -0.191133 -0.043023 0.148448 0.034856 0.071341 0.061742
16.984413 -0.022748 -0.080910 -0.013452 -0.106214 -0.007044 0.080631 -0.161279 0.076332 0.080108 -0.079453 0.018770 -0.053090
18.100455 -0.395249 -0.331536 -0.246382 -0.059563 -0.233334 -0.067492 -0.221807 -0.045216 0.003812 -0.018794 -0.011126 -0.043736
17.055421 -0.651515 -0.372385 -0.044660 -0.136269 -0.098372 -0.120173 -0.087050 -0.079935 -0.022919 -0.065325 -0.086650 -0.063544
16.090299 -0.370492 0.086261 0.009052 -0.084952 -0.123111 -0.110299 -0.195911 -0.079956 -0.034572 -0.028293 0.003530 -0.022326
16.069737 -0.560048 0.312214 -0.020361 0.011426 -0.051965 0.165448 -0.193171 0.020268 0.034303 -0.026504 0.092180 0.033708
16.421166 -0.394094 -0.056104 -0.207442 -0.158358 -0.164463 -0.031796 -0.225008 -0.090304 0.040831 0.011395 0.059359 0.094905
14.513670 0.133810 1.034703 0.066771 0.095850 -0.067607 0.262816 -0.033163 -0.016365 0.101591 -0.079562 0.037430 0.088318
15.663082 0.789356 0.289341 -0.371636 -0.139861 -0.009563 0.117905 -0.201962 -0.206984 0.087773 -0.002718 0.062765 -0.002039
15.186004 0.329010 0.026771 -0.132642 -0.017832 0.066391 0.103947 -0.167531 -0.047472 0.101042 0.063638 0.104544 0.098728
16.149228 -0.048962 0.174789 -0.024157 -0.080082 -0.062019 -0.101307 -0.080934 0.009761 -0.018351 -0.003683 0.061292 0.050101
16.415657 -0.067096 0.357497 -0.178426 0.169579 -0.107374 -0.018674 -0.046086 -0.057411 0.102042 -0.017025 0.134525 0.006921
17.346665 0.128454 -0.221779 -0.312756 -0.198540 -0.186137 -0.180396 -0.168720 -0.115202 0.026116 -0.009081 0.007125 -0.125482
17.307959 0.062813 -0.202108 -0.318308 -0.190443 -0.183461 -0.163653 -0.167935 -0.119914 0.027060 -0.000207 0.004479 -0.125659
14.314367 -0.795635 0.144488 -0.123476 0.225524 -0.023078 0.005644 -0.132652 -0.012280 -0.007042 -0.023517 -0.075996 -0.013559
15.554513 0.028212 -0.488595 -0.193315 -0.357550 0.054936 -0.015480 -0.124873 -0.131124 0.051219 0.037990 -0.004491 -0.010859
15.859880 0.104522 0.531054 -0.134803 0.115653 -0.082083 -0.150400 -0.224736 -0.018716 0.058329 -0.013578 0.085108 0.026700
18.457958 -0.030731 -0.303548 -0.448550 -0.225874 -0.237485 -0.162409 -0.181259 -0.070082 0.031347 -0.000665 0.027201 -0.003591
16.239355 0.057416 0.133089 -0.074704 0.231216 -0.032760 0.119977 -0.234009 -0.088624 -0.007962 -0.031767 -0.088255 -0.037247
17.590440 -0.335210 -0.364915 -0.123151 -0.209918 -0.057136 -0.104864 -0.212812 -0.138495 -0.064842 -0.039758 -0.048035 -0.014260
17.291775 -0.395831 -0.357431 -0.125605 -0.018237 -0.085473 -0.170545 -0.128793 -0.071955 -0.033413 -0.052560 -0.038135 0.035327
17.084960 -0.751684 0.463614 -0.004480 -0.025417 -0.243216 0.274421 -0.259685 0.015514 -0.001630 -0.093082 0.021639 0.015761
16.240239 1.028217 -0.746877 0.092695 0.266915 -0.174481 -0.038168 -0.148102 0.098852 0.084681 -0.174612 0.006520 0.045637
12.493396 0.912191 0.518139 -0.175034 0.262327 -0.028233 -0.298153 0.424241 -0.278700 -0.081075 0.029126 -0.125129 0.118119
16.690746 -0.295396 -0.269671 0.150741 0.082990 -0.243938 0.088333 -0.138988 0.013438 0.039032 -0.060449 0.066089 0.008697
16.025575 -0.520062 -0.279456 0.205801 -0.145898 -0.046294 -0.026542 0.141041 -0.185217 0.031687 0.003282 0.031967 -0.024046
16.249054 -0.526767 -0.579128 0.084534 -0.168220 -0.208763 0.131721 -0.171268 -0.067220 0.107604 -0.047308 -0.009121 0.098195
15.397592 0.333002 0.067420 -0.085701 0.003361 -0.255959 0.203364 -0.136380 0.021712 0.082002 -0.000350 0.031714 0.085608
15.394184 0.345909 0.064665 -0.079119 0.008864 -0.270173 0.200737 -0.141351 0.023496 0.070436 0.001804 0.026601 0.082005
16.191184 -0.116157 0.015055 -0.207254 -0.159161 -0.034227 0.057659 -0.139871 0.005712 -0.046740 0.098019 -0.008516 0.115453
16.036587 -0.845192 -0.163247 -0.470965 -0.261450 -0.205684 0.104067 -0.266175 -0.041428 0.132789 0.067818 -0.084488 -0.058067
12.436824 1.021195 0.511178 0.366983 0.300366 -0.195869 0.230044 -0.175852 -0.010672 0.273370 -0.086199 -0.011255 -0.051917
15.470966 -0.261387 0.031962 0.273664 0.041264 -0.253067 0.201568 -0.114614 0.057201 -0.047723 -0.005480 -0.036872 -0.095037
17.016659 -0.838905 -0.106987 -0.113526 -0.149257 -0.080714 0.079554 -0.183758 -0.006431 -0.066996 0.112081 -0.004252 0.077702
16.175107 -1.270396 -0.281520 -0.136414 -0.157537 -0.330832 0.176311 -0.254843 -0.035208 0.102838 0.022075 0.195481 0.064802
14.415934 0.796748 -0.186692 0.056115 -0.066349 -0.454806 0.472094 -0.454871 -0.078577 0.153423 0.026007 0.201904 -0.027982
16.172485 -0.369812 0.368798 0.235216 0.036897 -0.254419 0.088788 -0.380207 -0.051411 -0.132505 0.172776 -0.005079 0.029004
15.858679 -0.809200 0.276262 -0.396730 -0.121524 -0.135289 -0.029042 -0.227957 0.018255 -0.024929 -0.003048 0.046966 -0.082847
15.159509 -1.196093 -0.161458 0.210521 0.165773 -0.078380 0.145125 -0.078921 0.096352 0.031712 0.003496 -0.026365 -0.043426
16.192627 -1.294036 -0.251501 -0.095250 -0.200843 -0.289736 0.135858 -0.247973 -0.032954 0.091269 0.063609 0.156036 0.081143
15.486113 0.053888 -0.546493 0.161762 -0.130799 -0.171606 0.052636 -0.090900 0.002216 0.124489 0.035418 0.062905 0.020182
15.250765 -1.275946 -0.153281 0.239413 0.134199 -0.060893 0.138318 -0.072480 0.093228 0.029983 0.004570 -0.033627 -0.034984
16.172485 -0.369812 0.368798 0.235216 0.036897 -0.254419 0.088788 -0.380207 -0.051411 -0.132505 0.172776 -0.005079 0.029004
15.495970 -0.348803 -0.479651 0.572745 0.309110 -0.205194 0.289733 -0.344948 -0.008587 0.135195 0.223830 0.184050 -0.037568
18.031600 -0.190417 -0.108418 0.131479 -0.094546 0.000809 0.102294 -0.238319 -0.123203 0.145939 0.036915 0.103817 -0.023774
14.372820 1.193470 -0.089547 -0.021229 0.076169 -0.060891 -0.192685 -0.181450 -0.119639 -0.082760 -0.091592 0.009315 -0.004670
15.488174 -0.878244 -0.282503 -0.252585 -0.149749 -0.450465 0.033143 -0.087956 -0.257514 0.162949 0.122671 -0.031914 0.024460
14.589058 0.271283 -0.086957 0.076710 0.008555 0.261727 0.010120 -0.159322 -0.185660 0.156764 -0.009288 -0.040143 0.054173
15.750958 0.100301 0.533882 -0.041651 0.045502 -0.127778 0.232473 -0.133499 -0.145467 0.132293 -0.138561 0.036380 0.048379
16.170485 -1.111142 -0.108517 -0.022574 0.187543 -0.065706 0.152976 -0.029151 0.036048 0.141838 -0.002821 0.048309 -0.073643
16.912174 -0.397582 -0.174705 0.150325 -0.018932 -0.121888 0.149157 -0.129321 -0.071099 0.148556 0.062985 0.114919 -0.029332
16.564520 -0.150466 -0.561333 0.322006 0.039479 0.063145 -0.117634 -0.016569 -0.008904 0.005604 -0.042641 0.022436 -0.018707
15.720790 -0.598866 0.065872 0.161194 0.031907 -0.229426 -0.125214 -0.020639 -0.084171 0.073331 -0.044216 -0.044766 -0.064030
16.170485 -1.111142 -0.108517 -0.022574 0.187543 -0.065706 0.152976 -0.029151 0.036048 0.141838 -0.002821 0.048309 -0.073643
17.854012 0.244319 -0.541743 -0.147427 -0.238278 -0.216690 -0.101621 -0.058883 -0.042596 0.059549 0.002555 0.007337 -0.070561
17.366615 -0.606769 0.227263 -0.131636 -0.101737 -0.273254 0.089176 -0.044257 0.001337 0.122246 0.007853 0.088049 -0.021345
15.003691 -0.301674 0.533993 0.149913 0.349661 -0.095882 0.232489 -0.307897 -0.051365 -0.096829 -0.154597 0.056800 0.139856
15.772764 -1.147288 0.051445 0.500631 0.233632 -0.204063 0.254904 -0.141906 -0.031873 0.079603 -0.030924 0.134885 0.116160
16.503163 -0.896297 -0.018811 -0.036553 0.025780 -0.137867 0.134779 -0.054703 -0.007351 0.011789 0.081618 0.066114 0.027152
16.395562 -1.020025 -0.106523 -0.114377 -0.115315 -0.283158 0.237536 -0.136780 0.070945 0.138086 -0.010814 0.011632 0.046225
16.315274 -0.495729 -0.367855 0.287034 0.063570 -0.194049 0.200000 -0.287785 -0.011670 0.071129 -0.106477 0.065821 0.062134
9.807597 0.613158 -0.142406 0.408998 0.218370 0.012055 0.145703 -0.012271 -0.018787 0.140667 -0.081428 0.080390 0.013123
16.190684 -0.112065 0.014498 -0.212679 -0.157411 -0.034981 0.058883 -0.138129 0.006200 -0.043842 0.096351 -0.006592 0.113973
13.439811 0.582034 0.315240 0.361757 0.096022 0.044473 -0.104333 0.100086 -0.207728 -0.085414 -0.090917 -0.069866 0.184671
15.552680 -0.627538 0.139284 0.100600 0.152999 -0.028356 0.032595 -0.078060 0.043759 0.049627 0.002998 -0.032122 0.008575
14.899416 0.194737 0.347469 0.326384 -0.085878 -0.036883 0.082637 -0.234006 -0.033436 -0.002379 -0.037885 0.043204 0.022213
14.657083 0.164987 -0.135473 0.210961 0.165594 -0.054476 0.199919 -0.122753 -0.020709 -0.019044 -0.009274 -0.124922 -0.013193
15.655572 0.087739 -0.870539 0.171745 0.004460 -0.081582 -0.064608 -0.230273 0.111962 -0.004509 0.049317 -0.042247 -0.170369
16.364045 -0.631790 0.130384 0.039825 -0.240938 -0.225708 0.044177 -0.209854 0.016773 -0.074007 -0.006790 0.014905 0.000799
16.416380 -0.538520 0.259022 0.024293 0.151000 -0.063212 0.102180 -0.037894 0.121116 -0.056352 0.089908 0.034362 0.084549
16.552239 -0.536433 -0.030937 0.208214 -0.121891 -0.189282 0.069841 -0.273167 0.130825 0.031852 0.041860 0.124504 0.074674
16.240580 -0.688759 0.085210 0.320630 -0.061555 -0.133077 0.092868 -0.165939 0.077512 -0.018711 -0.046553 0.101759 0.038522
16.505231 -0.545425 0.246383 0.030303 0.131730 -0.054021 0.097882 -0.041216 0.124671 -0.070351 0.095875 0.031007 0.090861
17.388937 -0.897064 -0.043522 0.004006 0.084363 0.098615 0.131547 -0.164320 0.017797 0.008166 0.075909 -0.006159 0.053928
17.180268 -0.661263 -0.126946 -0.081130 -0.140284 0.023417 -0.103599 -0.212981 0.040500 0.031229 -0.080163 -0.095938 0.020678
17.189913 -0.631537 0.218353 -0.094856 -0.078425 0.089836 0.101032 -0.045928 0.017275 0.085281 0.130822 0.117448 0.054365
16.751470 0.462660 -0.530473 0.081528 -0.022431 -0.136378 0.049238 -0.200649 0.127182 -0.003803 0.204739 0.061345 0.017741
16.403128 -0.108919 0.577264 0.193018 0.062688 -0.071856 0.237137 -0.241119 0.113771 0.132187 0.102850 0.093349 0.116641
16.161568 -0.406763 0.278065 0.227284 0.041840 -0.077155 0.013581 -0.188734 0.114925 -0.043969 0.213666 0.155447 0.126307
13.757970 -0.819685 0.536314 0.067068 0.246213 -0.149574 0.383123 -0.155456 -0.005555 0.116932 -0.014989 0.107335 0.020046
16.760297 -0.973826 -0.017663 -0.236979 -0.161647 -0.062505 0.121785 -0.095699 -0.103417 0.072389 -0.015939 -0.026475 -0.102277
14.309188 0.272123 0.491746 -0.062367 0.283386 -0.159427 0.316254 -0.392782 0.017320 0.112906 -0.006433 0.130981 -0.028328
14.809649 0.390182 -0.366772 0.282472 -0.064946 0.140210 -0.057036 0.127988 -0.079930 0.050515 -0.095089 0.090733 0.005929
14.969145 1.029701 -0.583107 0.195653 -0.039791 0.303286 -0.014894 0.299672 -0.047340 0.060421 -0.110599 -0.003787 -0.046860
14.117621 0.491420 -0.604950 0.279544 -0.045840 0.156100 -0.134553 0.096659 -0.060947 0.076658 -0.215866 -0.024374 -0.093614
13.273721 0.935947 -0.084192 0.021149 -0.148859 0.095060 0.081765 0.323898 -0.058345 0.078621 -0.123163 0.106285 -0.046693
14.049818 0.628030 -0.086863 0.438890 0.021824 0.512385 -0.032512 0.305052 0.136856 0.061040 -0.142343 0.074210 -0.044780
16.145926 1.866558 -1.216689 0.043548 -0.084383 0.233763 -0.412420 0.184071 -0.173250 0.033464 -0.209406 -0.053397 -0.250173
15.634380 1.457739 -1.085228 0.639082 -0.060288 -0.063302 -0.387681 0.115147 -0.030174 0.091308 -0.110830 0.340457 -0.039031
14.030812 1.362965 -0.212085 0.209942 0.246709 0.205955 -0.012741 0.223405 -0.078220 0.131259 -0.060362 0.101394 -0.065206
17.674035 1.168842 -0.560987 -0.269397 -0.424080 0.200171 -0.167907 0.136166 -0.263411 -0.011944 -0.186534 0.058329 -0.213395
12.450130 1.942933 -0.004382 0.030708 -0.297327 0.126101 -0.086219 0.180559 0.020359 0.106334 0.030041 0.160113 -0.109462
14.831355 0.381108 -0.092471 0.310322 0.108792 0.073147 -0.283681 -0.055592 -0.012422 0.237658 -0.084995 0.144272 0.003831
13.138786 0.484282 -0.011433 0.404606 0.214127 0.025404 -0.083857 0.139430 0.030914 0.241240 0.044248 0.205338 0.013549
11.783196 0.400286 -0.366235 0.335060 0.115204 0.254439 -0.118568 0.148113 0.048051 0.184807 0.081818 0.101115 -0.000643
11.939290 -0.296678 0.734782 0.898600 0.248552 0.282764 -0.030488 -0.054955 -0.008270 0.179195 0.051427 0.137349 0.016145
10.723379 0.370593 -0.273490 0.656673 0.044648 0.138928 -0.132723 0.042907 0.123422 0.122589 -0.057201 0.138676 -0.030621
13.063963 0.247224 -0.239251 0.527776 0.145629 0.079199 -0.114933 -0.058201 0.064391 -0.045432 -0.060193 0.025969 -0.108809
17.709700 -0.259814 -0.726201 0.186053 -0.196901 -0.040789 -0.209797 0.149871 -0.263682 0.108047 -0.168327 0.238472 -0.010581
17.100799 0.107105 -1.022533 0.360497 -0.175462 0.041147 -0.128868 0.097414 -0.145713 0.111039 -0.181477 0.126360 -0.039550
16.015745 0.025483 -0.736009 0.169619 -0.094488 0.101133 -0.136584 0.094128 -0.229535 0.110367 -0.172533 0.088969 -0.003999
15.798096 -0.047766 -0.880733 0.304178 -0.153073 0.153265 -0.092584 0.219612 -0.078707 0.160250 -0.101972 0.196714 -0.077992
16.178864 0.490634 -0.383000 0.200703 -0.185142 0.030222 -0.037481 0.137107 -0.279518 0.183781 -0.170279 0.058834 -0.009927
16.738229 0.419973 -0.519627 0.283958 -0.206118 -0.096652 0.005695 0.209119 -0.371853 0.179547 -0.256671 -0.017629 0.032578
17.422489 0.347673 -0.600381 0.107688 -0.290510 -0.047283 -0.014706 0.152835 -0.287690 0.177828 -0.182791 0.075017 -0.008785
16.060635 0.286557 -0.311623 0.290689 -0.116662 0.045966 -0.034131 0.293598 -0.160503 0.157833 -0.290780 0.032649 -0.052658
16.935428 -0.009069 -0.932141 0.371823 -0.170104 0.094143 0.019920 0.193896 -0.192084 0.183610 -0.089266 0.062928 -0.046125
17.117608 -0.318977 -0.954563 0.423360 -0.117347 -0.047328 -0.035805 -0.007004 -0.321748 0.223622 -0.179358 0.088223 -0.005575
16.645072 0.054800 -0.650873 0.266310 -0.192802 -0.052812 -0.056646 0.165308 -0.250600 0.169648 -0.132149 0.065109 -0.013260
14.725776 -0.366825 -0.597197 0.048368 -0.144680 0.110858 -0.021398 0.203059 -0.229909 0.127005 -0.173707 0.030593 0.024605
15.484758 0.249410 -1.521240 0.261681 -0.111585 0.181265 0.112474 0.046410 0.061634 0.288233 0.070967 0.160958 0.136663
16.649879 -0.166883 -0.579973 0.365678 -0.155994 0.223005 -0.074993 0.117242 -0.177161 0.041036 -0.021401 0.066126 -0.125011
13.740047 -0.751475 0.630435 0.340847 0.001348 0.312806 -0.111002 0.231503 -0.090002 0.060747 0.023703 0.134284 -0.066198
15.473540 0.220803 -0.460101 0.338754 -0.250882 -0.220684 0.072111 0.016030 -0.024456 0.001624 -0.100924 -0.022502 -0.013306
17.373591 0.086038 -0.924697 0.197676 -0.069042 0.066320 -0.051026 0.041107 0.001009 -0.071114 -0.124005 -0.021747 -0.065015
14.660176 1.344899 -0.723034 0.254396 0.070486 0.165562 -0.274084 -0.018312 0.046560 0.081324 -0.003107 0.056422 -0.044084
17.435418 -0.463380 -0.652695 0.043860 0.010501 0.002903 -0.041398 -0.066753 -0.157415 0.077989 -0.076574 0.008182 0.040174
13.857283 0.410559 -0.398523 0.263816 -0.072406 -0.106244 -0.068352 0.215012 -0.069746 -0.020676 -0.004993 0.014746 -0.006449
17.902917 -0.322334 -0.681329 -0.170676 0.097111 -0.048444 -0.205989 -0.002770 -0.173971 -0.034091 -0.106451 0.120207 -0.001598
15.880738 -0.073643 -0.916471 0.224902 -0.058023 -0.202052 -0.076867 0.119787 -0.099701 0.004479 -0.103741 -0.007748 0.034521
17.573180 -0.435616 -0.765783 -0.234527 -0.232018 -0.196774 -0.091407 0.035498 -0.089616 -0.027546 0.109783 0.057940 -0.013636
16.396822 0.229852 -0.891720 -0.405796 0.176440 0.045786 -0.040409 -0.026935 0.131462 0.005959 -0.046186 0.014711 0.164383
15.771577 -0.764785 -0.636747 0.283358 -0.022810 0.031436 -0.032724 -0.061508 -0.021758 -0.082405 -0.026134 0.106781 0.039922
16.915783 -0.099849 -0.999771 -0.301524 -0.106102 -0.020235 0.013654 -0.061963 0.002838 -0.057199 0.065318 0.129796 -0.017998
15.722387 -0.153482 -0.580111 0.191985 0.002884 0.033416 -0.025267 -0.084123 0.029089 0.006635 -0.048902 0.001989 0.066189
16.053809 -0.059838 -1.044509 -0.032630 -0.409603 -0.185781 0.018521 -0.261000 -0.027662 -0.020042 -0.081259 0.099850 0.085379
14.710708 1.513408 -0.283701 -0.036619 -0.286664 -0.062433 -0.083211 -0.017597 0.036997 0.089956 0.081143 0.041936 0.045057
13.758622 1.528668 -2.111385 1.381794 -0.241225 0.497056 0.124697 0.041220 0.028510 0.116137 0.057292 -0.074477 0.148951
15.523656 0.562026 -0.664424 -0.229466 0.051008 0.197266 0.042978 -0.123313 -0.232020 -0.232792 -0.178408 -0.098352 -0.136017
16.118716 -0.626452 -0.798505 0.260849 -0.012394 -0.086240 0.033778 0.045599 -0.087712 0.051679 -0.022732 -0.061305 0.015195
15.333390 1.357538 -1.215786 0.419046 -0.365931 0.209301 -0.259281 0.209957 -0.163846 0.111080 0.082020 0.011319 -0.028590
13.966304 0.853081 -0.364037 0.214272 -0.033408 -0.076927 -0.324202 0.029944 0.043768 -0.007525 -0.061698 -0.109797 -0.010078
12.922241 1.033963 0.175290 0.386992 -0.160590 -0.054495 0.077597 0.106912 -0.025555 0.059034 -0.054960 -0.020956 -0.044354
15.482220 -0.517052 0.447921 0.355724 -0.021432 0.107095 0.053844 0.052866 0.026889 -0.061435 -0.168784 0.020586 -0.064390
12.039288 0.906097 -0.149922 0.231075 0.193517 -0.017288 0.228215 0.046532 -0.084626 0.003250 -0.039445 0.048918 0.059064
17.925270 -0.732993 -0.690203 -0.064972 0.041089 -0.050063 0.033246 0.044925 -0.093921 -0.044269 -0.008701 0.007875 -0.017513
13.942262 0.268966 -0.662011 -0.096576 -0.113517 0.124861 -0.031823 0.072290 0.057067 -0.027123 0.034868 0.108503 0.030751
14.860542 1.366833 -0.216151 0.016864 0.003809 -0.067586 -0.057242 0.047146 -0.029601 0.002761 -0.044282 -0.131371 -0.046007
17.481169 -0.848291 -0.317444 0.169948 -0.076463 0.045983 -0.101135 0.135042 -0.157821 -0.013402 -0.074954 -0.028210 0.027655
16.038918 -0.279877 0.146448 -0.318460 -0.157094 -0.034823 -0.134277 0.146740 -0.018195 -0.038046 -0.080584 0.008781 0.075422
13.902205 0.605521 0.345307 -0.084217 -0.063991 -0.118364 0.001071 0.018750 -0.063066 0.046134 -0.032009 0.146770 0.011607
11.420894 0.509677 0.895329 0.005782 -0.168735 -0.110399 0.018117 0.031267 0.106829 0.054981 -0.114248 -0.047227 0.034509
15.372022 0.289932 -0.388980 -0.224837 -0.136601 -0.117220 -0.014342 0.043343 -0.010788 -0.026076 -0.017488 0.006521 -0.043357
12.172927 0.367322 0.998509 0.334155 0.261414 0.180607 0.162429 0.301744 0.119054 0.059379 -0.040540 -0.016084 0.013214
11.690121 -0.374179 0.782933 0.111834 0.150709 -0.003004 -0.002253 0.129259 -0.023587 0.025599 -0.018893 0.055045 0.104811
9.544427 1.095709 0.768997 0.187986 0.282392 -0.051984 0.100104 0.136320 0.034330 0.075266 -0.096858 -0.043812 0.043699
14.999950 0.169776 -0.543873 0.072746 -0.084815 0.151879 -0.177816 0.338034 -0.145846 0.174868 -0.158989 0.066928 -0.077421
15.712464 0.117728 -0.929993 0.340069 -0.335546 0.095606 -0.357957 0.098907 -0.194405 0.131673 -0.196598 0.121357 -0.010320
11.401171 0.225757 -0.568227 0.334277 0.306132 0.066881 -0.287186 0.350055 -0.180783 0.028821 -0.095644 0.076748 -0.002578
14.705002 -0.162048 -0.240529 0.484280 0.074514 -0.089214 -0.273997 0.188257 -0.212566 0.070142 -0.248303 0.090351 -0.011212
14.950440 -0.408164 -0.356421 0.238237 -0.003660 0.040494 -0.079027 0.297331 -0.230080 0.214874 -0.084744 0.032387 -0.107047
12.922508 -0.368952 -0.168489 0.517522 0.219032 0.158109 -0.221149 0.501349 -0.374608 0.227475 -0.203047 -0.082717 -0.021564
12.910682 -0.357447 -0.579166 0.695313 0.033325 0.265018 -0.066421 0.326457 -0.061573 0.446569 -0.209494 -0.038195 -0.036888
15.541242 0.065587 -0.384631 0.177405 -0.254587 0.106096 -0.098352 0.181404 -0.113691 -0.001719 -0.073543 0.134145 -0.040222
15.164719 0.196179 -0.001339 0.336712 -0.028282 0.198026 -0.161124 0.090860 -0.139105 -0.071807 -0.149863 0.158923 -0.182205
16.184016 -0.111000 -0.350403 0.220158 -0.191117 0.142405 -0.199897 0.156749 -0.134431 0.086665 -0.092452 0.053302 -0.089340
15.682010 -0.132274 -0.317565 0.504864 -0.212927 0.297478 -0.132418 0.072267 -0.085247 0.071725 -0.036951 0.088824 -0.064808
15.018492 -0.345012 -0.160162 0.263340 -0.145332 0.281436 -0.164204 0.114332 -0.169347 -0.000612 -0.028760 0.187378 -0.059068
14.487692 0.714616 -0.188629 0.304308 -0.163432 0.231941 -0.257057 0.209502 -0.086680 0.001363 -0.043249 0.143974 -0.090443
15.059433 -0.188633 -0.355473 0.170806 -0.148298 -0.067128 -0.125877 0.087047 -0.136822 0.122863 -0.119992 0.168605 -0.067776
14.454600 0.321629 0.014969 0.086858 0.011608 0.359631 -0.206756 0.088431 -0.159137 0.087760 -0.022835 0.047033 0.028771
15.585855 0.256424 -0.549135 0.292500 -0.254710 0.178848 -0.144186 0.015200 -0.079626 0.135526 -0.172737 0.139856 0.025266
15.851108 -0.276672 -0.372058 0.302842 -0.235828 0.183828 -0.134483 -0.093407 -0.076693 0.237793 -0.148356 0.164048 0.007719
14.876822 -0.038837 -0.520280 0.306412 -0.359101 0.090699 -0.137235 -0.098493 -0.284082 0.132592 -0.157544 0.067699 -0.040363
15.621614 -0.622591 -0.366856 0.091324 -0.258688 0.014220 -0.226113 -0.030842 -0.128900 0.212434 -0.181742 0.139653 0.006355
14.800815 0.081737 -0.284980 0.509592 0.003064 0.177834 -0.096607 0.058028 -0.053449 0.133047 -0.187356 0.144377 -0.035215
15.715935 -0.247212 -0.300408 0.028096 -0.217772 0.149638 -0.067991 0.034416 -0.057301 0.118721 -0.174464 0.101311 -0.017816
13.460937 0.291344 -0.838184 0.350762 -0.201600 0.247104 -0.174822 0.066239 -0.171420 0.207416 -0.097074 0.247953 -0.053603
13.554009 -0.210150 -0.724338 0.433678 0.076939 0.137119 -0.112076 0.165527 -0.136902 0.042661 -0.081256 0.018104 -0.063472
17.252967 0.073601 -0.796986 -0.004094 0.027792 -0.072587 -0.265936 0.085239 -0.234733 0.162236 -0.124813 0.057685 0.018247
14.939848 -0.291394 -1.038199 0.267645 -0.166051 0.152032 -0.244822 -0.009094 -0.077392 0.037387 -0.096721 0.076099 -0.093110
13.928296 1.112633 -0.623910 0.277017 -0.345629 0.091807 -0.207930 0.140413 -0.059801 0.118528 -0.140364 -0.018502 0.062219
16.248632 -0.154524 -0.188903 0.502634 -0.538707 0.044056 -0.355467 0.216801 -0.065139 0.022942 0.028892 -0.011748 -0.073658
16.222163 0.065929 -0.938883 0.208964 -0.193540 -0.168972 -0.035620 0.110896 -0.208214 0.182711 -0.212867 0.022593 -0.038841
16.429646 -0.037799 -1.004330 0.205146 -0.052913 0.037171 -0.129808 -0.005078 -0.146553 0.075372 -0.220747 0.006503 -0.130548
15.240370 0.838599 -1.083638 0.155558 0.059907 0.021930 -0.046067 0.139781 -0.272399 -0.044165 -0.139724 0.155676 0.001485
16.067820 -0.381423 -1.245606 0.161040 -0.061372 0.073849 -0.039240 0.137161 -0.108447 0.124912 -0.031645 0.153693 0.067365
14.065721 0.357507 -0.583399 0.521251 0.155444 -0.037291 -0.024030 0.181163 -0.159022 -0.079758 -0.210039 0.041064 -0.045551
14.394740 0.478845 -0.726301 0.184305 0.039483 0.012304 -0.110889 0.211808 -0.027381 -0.035996 -0.231171 0.185636 -0.043167
15.009064 0.355171 -1.120675 0.352563 -0.153572 -0.049409 -0.057109 0.107434 0.040673 0.030291 -0.155857 0.095384 0.033200
11.808979 0.771434 -0.634978 0.493999 0.362682 0.235091 0.059354 0.082472 -0.137224 0.045305 -0.193631 0.173938 -0.082452
12.010954 0.824548 -0.680569 0.277573 -0.068409 0.118655 0.079135 0.117019 -0.174732 -0.099476 -0.070973 0.162857 -0.001175
